0,1,2,3,4,5,6,7,8,9,10,11,12,13,14,15,16,17,18,19,20,21,22,23,24,25,26,27,28,29
8.064295,8.180868,7.528439,8.387889,8.006891,6.7176695,6.924923,7.4897366,7.4190464,8.493284,7.383016,7.6317725,7.685685,7.7882285,6.2880373,8.162935,7.0724688,8.059004,7.2684326,6.7723327,7.7414336,8.737189,7.50863,6.8558664,7.597694,7.943259,7.632545,8.211358,7.148824,8.59814
9.392325,9.585122,8.759056,9.828396,9.24115,7.841297,8.132743,8.679359,8.659948,9.916177,8.635649,8.84332,8.92893,9.072103,7.4005775,9.488595,8.247562,9.476812,8.575456,7.899515,8.994237,10.217742,8.784462,8.063587,8.849048,9.218686,8.784289,9.624661,8.375006,10.066126
9.406897,9.599579,8.772298,9.842915,9.25273,7.852525,8.145499,8.690988,8.672441,9.930296,8.647515,8.856007,8.941361,9.085456,7.4114213,9.503477,8.2596035,9.490755,8.589002,7.910998,9.008049,10.231817,8.797351,8.076941,8.862219,9.231263,8.796926,9.639198,8.388525,10.081924
9.408522,9.601337,8.773865,9.844966,9.254444,7.8538985,8.147015,8.6927,8.673884,9.932173,8.649153,8.857474,8.943189,9.087199,7.412792,9.505038,8.261192,9.492609,8.590549,7.9124255,9.009913,10.233793,8.798872,8.078221,8.863793,9.233164,8.798489,9.640873,8.39016,10.083642
9.407513,9.600177,8.772913,9.843899,9.253442,7.852902,8.146096,8.691614,8.67292,9.930868,8.64812,8.856331,8.942287,9.086209,7.4120083,9.50394,8.260252,9.491578,8.589476,7.9115796,9.008853,10.232533,8.797784,8.077119,8.862799,9.232025,8.797242,9.639962,8.388885,10.082379
9.405543,9.598095,8.771047,9.841662,9.251513,7.850971,8.144201,8.689828,8.671266,9.928699,8.646189,8.854615,8.940226,9.084428,7.410219,9.502255,8.258165,9.489257,8.587715,7.9099145,9.006627,10.230304,8.795845,8.075423,8.861067,9.22968,8.795773,9.637653,8.386782,10.079986
9.40863,9.60135,8.7739315,9.844926,9.254424,7.8539186,8.1470175,8.692668,8.673884,9.932173,8.649097,8.857471,8.943181,9.087196,7.412794,9.505011,8.261098,9.492584,8.590617,7.9124103,9.009967,10.233799,8.798882,8.07824,8.863826,9.233176,8.798448,9.640881,8.390222,10.0837
9.408454,9.601214,8.773726,9.844764,9.254356,7.8537464,8.146926,8.692517,8.673665,9.9319,8.649035,8.857219,8.943105,9.087067,7.4127464,9.504862,8.261075,9.492534,8.59042,7.9123526,9.009823,10.233631,8.7988,8.078165,8.863696,9.233003,8.798269,9.640772,8.390041,10.083523
9.406328,9.599218,8.771755,9.842797,9.252592,7.8520527,8.145133,8.690506,8.672001,9.929673,8.647479,8.855324,8.941246,9.085097,7.41128,9.5028305,8.259144,9.490753,8.588269,7.910594,9.007866,10.231494,8.797157,8.076267,8.861617,9.231163,8.796465,9.638767,8.3880625,10.081159
9.40828,9.600966,8.773553,9.844606,9.254114,7.85344,8.14677,8.692244,8.673572,9.9317465,8.648878,8.857055,8.942907,9.08681,7.412453,9.504539,8.260663,9.492293,8.590315,7.9121113,9.009572,10.233399,8.798625,8.07798,8.8634615,9.232845,8.798074,9.640446,8.38987,10.08318
9.406082,9.598767,8.771558,9.842614,9.252412,7.8517647,8.144755,8.69025,8.671186,9.929649,8.646906,8.855014,8.941016,9.0847645,7.4110312,9.502738,8.258845,9.490229,8.5882435,7.910546,9.007667,10.231104,8.796596,8.076186,8.861582,9.230683,8.796108,9.638443,8.387861,10.080817
9.403393,9.597199,8.769538,9.839572,9.249762,7.8493776,8.142244,8.68847,8.668888,9.926774,8.6445,8.852528,8.938093,9.082247,7.4092016,9.5003,8.25636,9.487766,8.585952,7.908423,9.004921,10.228772,8.79474,8.07485,8.859384,9.228839,8.7939205,9.635515,8.386064,10.0793915
9.409121,9.601928,8.774393,9.845592,9.254986,7.854324,8.147582,8.693172,8.674354,9.932726,8.649705,8.857893,8.943747,9.087681,7.4132223,9.5055,8.261612,9.493229,8.591102,7.9129434,9.010423,10.234413,8.799412,8.078686,8.864344,9.233736,8.798856,9.641399,8.390707,10.084161
9.407931,9.600572,8.77312,9.844164,9.253811,7.8532934,8.146249,8.692073,8.673155,9.9314,8.648456,8.856797,8.942466,9.086521,7.4121733,9.5042925,8.26056,9.491762,8.589844,7.911661,9.0093,10.233118,8.798296,8.077642,8.86308,9.232475,8.797874,9.640093,8.389579,10.083002
9.407887,9.600689,8.773395,9.844258,9.253927,7.8534007,8.146421,8.692128,8.673332,9.931405,8.648437,8.856876,8.942574,9.086594,7.4123635,9.504528,8.260641,9.491935,8.589949,7.911982,9.009277,10.23305,8.7982235,8.077616,8.863259,9.232504,8.797949,9.640361,8.389451,10.083048
9.4084015,9.6011095,8.773742,9.844875,9.254215,7.853792,8.14691,8.692554,8.673743,9.932052,8.649017,8.857369,8.943052,9.087023,7.412638,9.50488,8.261116,9.492464,8.5904455,7.9122396,9.009768,10.233659,8.798674,8.078097,8.863644,9.233011,8.798213,9.640753,8.390103,10.083497
9.407699,9.60047,8.773071,9.844073,9.253601,7.853186,8.146293,8.691846,8.673148,9.93117,8.6484995,8.856658,8.9424305,9.0863495,7.4121065,9.50413,8.260342,9.491758,8.589873,7.911763,9.008953,10.232994,8.798094,8.077555,8.86313,9.23224,8.797561,9.639965,8.389327,10.08279
9.406937,9.599799,8.772399,9.843551,9.253285,7.852555,8.145687,8.691135,8.672238,9.930497,8.64791,8.85581,8.942087,9.085785,7.4116693,9.503452,8.259936,9.491272,8.589132,7.9114337,9.0085125,10.232136,8.797544,8.076876,8.862433,9.231627,8.796903,9.639444,8.388676,10.081838
9.409154,9.602006,8.774505,9.84565,9.255029,7.854439,8.147636,8.693272,8.674426,9.932851,8.649749,8.858054,8.943808,9.087777,7.4132624,9.505631,8.261763,9.493282,8.59119,7.9129534,9.010544,10.234523,8.799451,8.078775,8.864419,9.233795,8.798983,9.641493,8.390856,10.084294
9.406672,9.599594,8.772363,9.843316,9.252908,7.852569,8.14563,8.691002,8.67223,9.930312,8.64773,8.855897,8.941713,9.085601,7.411392,9.503539,8.259946,9.491082,8.5888,7.9110074,9.008323,10.231919,8.797244,8.076664,8.862212,9.231323,8.796833,9.639287,8.388585,10.0816765
9.406685,9.599554,8.772171,9.842888,9.252857,7.8521914,8.1453285,8.690863,8.6722355,9.930055,8.647479,8.855834,8.941399,9.08537,7.4111423,9.503449,8.259371,9.490476,8.588779,7.9107013,9.008124,10.231896,8.797195,8.076534,8.862128,9.231255,8.797007,9.638977,8.388503,10.081484
9.407561,9.600264,8.772896,9.843978,9.253557,7.853004,8.146003,8.691781,8.673059,9.931075,8.648205,8.856538,8.942256,9.086241,7.412032,9.504033,8.260241,9.491519,8.589615,7.9116664,9.008955,10.232643,8.797953,8.077307,8.862826,9.232136,8.797638,9.639811,8.389107,10.082672
9.408492,9.601212,8.773702,9.844742,9.254298,7.8537664,8.146869,8.692541,8.673837,9.931985,8.648985,8.857363,8.943044,9.087022,7.4126744,9.504892,8.261042,9.492387,8.590477,7.912263,9.009801,10.233618,8.7987795,8.078137,8.863662,9.233056,8.798328,9.64078,8.390089,10.083569
9.408299,9.60101,8.773686,9.844628,9.254189,7.8536286,8.146733,8.69235,8.67362,9.93177,8.648895,8.85719,8.942935,9.086895,7.4124875,9.504662,8.260823,9.492249,8.590301,7.912124,9.009642,10.233385,8.798597,8.077913,8.863497,9.232851,8.798164,9.640479,8.38988,10.083316
9.407348,9.600058,8.772717,9.843533,9.253268,7.852699,8.145925,8.691383,8.672752,9.930691,8.647949,8.856208,8.942068,9.085835,7.411881,9.503882,8.260131,9.491504,8.589349,7.911365,9.0088,10.232297,8.79771,8.077165,8.862614,9.231885,8.797201,9.639746,8.388973,10.082259
9.40729,9.600031,8.772723,9.843356,9.253161,7.8527637,8.145837,8.691219,8.6726885,9.93068,8.647828,8.856231,8.941876,9.08568,7.4116707,9.503783,8.259876,9.4913845,8.58937,7.911095,9.008701,10.232356,8.797709,8.07718,8.862438,9.231869,8.797216,9.639626,8.389052,10.082187
9.408463,9.601168,8.773704,9.8447695,9.254334,7.853679,8.146849,8.692534,8.673606,9.931977,8.648956,8.857246,8.943017,9.087022,7.4127,9.504851,8.260952,9.492404,8.590399,7.9123006,9.009774,10.233678,8.798737,8.078106,8.863673,9.233027,8.798236,9.64066,8.390016,10.083453
9.40789,9.600629,8.773291,9.844211,9.253869,7.8532376,8.146312,8.692055,8.673289,9.9314,8.648363,8.856848,8.942514,9.08653,7.412234,9.504446,8.260539,9.491738,8.589863,7.911827,9.009286,10.233031,8.798134,8.077447,8.863162,9.232482,8.797912,9.640305,8.38939,10.082877
9.407055,9.600093,8.7727,9.843488,9.2533,7.8528237,8.145721,8.691473,8.672614,9.930562,8.647891,8.856172,8.942006,9.08596,7.411765,9.503681,8.260078,9.491303,8.589255,7.9112954,9.008753,10.232389,8.797728,8.077012,8.862585,9.231968,8.797233,9.6395235,8.389024,10.082318
9.407499,9.600106,8.77295,9.843751,9.253363,7.852993,8.146048,8.691573,8.673029,9.931129,8.648209,8.8566065,8.942213,9.086233,7.4119525,9.503899,8.26013,9.491416,8.589738,7.911452,9.008784,10.232548,8.797846,8.077359,8.862866,9.231996,8.797409,9.639815,8.389122,10.082535
9.40817,9.601066,8.773539,9.844662,9.254143,7.853494,8.146729,8.692353,8.673523,9.931679,8.648761,8.856999,8.943003,9.08686,7.412512,9.504707,8.260975,9.492332,8.590191,7.9122233,9.009569,10.233434,8.798488,8.07782,8.863526,9.232754,8.798041,9.640608,8.38975,10.08315
9.408391,9.601126,8.77376,9.844853,9.254299,7.8537955,8.146967,8.692482,8.673667,9.931975,8.649008,8.857289,8.94304,9.087042,7.4127216,9.504845,8.260967,9.492457,8.590413,7.912368,9.009686,10.233637,8.798718,8.078063,8.863676,9.23295,8.798162,9.640748,8.389945,10.083406
9.407951,9.600819,8.77315,9.844031,9.253805,7.853082,8.146266,8.691984,8.673186,9.93114,8.648381,8.856703,8.942526,9.08635,7.412301,9.504428,8.260619,9.491897,8.589833,7.9117417,9.009304,10.233047,8.798268,8.077585,8.863137,9.2325535,8.797736,9.640302,8.389512,10.082816
9.407678,9.600562,8.772984,9.843922,9.253444,7.853051,8.146111,8.691901,8.673059,9.931072,8.648256,8.856497,8.942349,9.08627,7.4119854,9.504054,8.260358,9.491667,8.589825,7.9116783,9.008956,10.232853,8.798043,8.077648,8.862971,9.2323,8.797589,9.639866,8.389477,10.08284
9.407991,9.600794,8.773389,9.844407,9.253919,7.853468,8.1465645,8.692182,8.673348,9.931575,8.648694,8.856919,8.942723,9.086683,7.412245,9.504495,8.260657,9.492017,8.590162,7.9119253,9.009379,10.23327,8.798384,8.077773,8.863326,9.232615,8.797916,9.640287,8.38973,10.0830345
9.407321,9.600023,8.772751,9.843682,9.25323,7.852622,8.145925,8.691505,8.672681,9.930783,8.647923,8.856259,8.941945,9.085918,7.4118376,9.50385,8.259921,9.491203,8.589479,7.91142,9.008613,10.232459,8.7976265,8.077189,8.8626995,9.231875,8.7972975,9.63959,8.388965,10.082214
9.406972,9.599746,8.772505,9.8434515,9.253097,7.8524737,8.145682,8.691147,8.672339,9.930241,8.64765,8.855737,8.941757,9.085666,7.41161,9.503596,8.259764,9.491014,8.58896,7.911294,9.008324,10.231955,8.797276,8.076656,8.862405,9.231436,8.79687,9.63943,8.388309,10.0817995
9.4071665,9.599662,8.7723255,9.843219,9.252722,7.8526883,8.145726,8.691146,8.672715,9.930559,8.647793,8.856101,8.941729,9.085707,7.4115906,9.503393,8.259714,9.490966,8.589357,7.911126,9.008262,10.232112,8.797523,8.077113,8.8624115,9.231492,8.7969055,9.6394205,8.388639,10.08224
9.407408,9.599985,8.772735,9.843661,9.253304,7.8525596,8.145741,8.691333,8.672679,9.930704,8.647852,8.856139,8.942087,9.085871,7.411707,9.50363,8.259828,9.491214,8.589422,7.911298,9.008784,10.232301,8.79769,8.076987,8.862558,9.231836,8.797214,9.639507,8.388797,10.082247
9.407861,9.600536,8.773213,9.844263,9.253823,7.8533254,8.146517,8.692062,8.673241,9.931447,8.648596,8.856943,8.942611,9.086583,7.4124155,9.504279,8.260574,9.492083,8.589868,7.9118376,9.009302,10.233137,8.798367,8.07775,8.863126,9.232511,8.797721,9.640189,8.389702,10.082917
9.408454,9.601291,8.773792,9.844868,9.254414,7.8537292,8.146989,8.692614,8.673701,9.932038,8.648977,8.857299,8.94313,9.087043,7.412752,9.504964,8.261063,9.49251,8.590464,7.912408,9.009823,10.2337475,8.798773,8.07813,8.863767,9.233073,8.798331,9.640813,8.390049,10.083462
9.407251,9.600051,8.7728815,9.843493,9.253163,7.8529243,8.145824,8.691539,8.672883,9.930686,8.647825,8.856345,8.941931,9.085962,7.411778,9.503846,8.260183,9.491362,8.589426,7.9114566,9.008567,10.232213,8.797578,8.077147,8.862615,9.231772,8.797426,9.639767,8.388954,10.082393
9.408735,9.601588,8.774105,9.845219,9.254672,7.8541126,8.147232,8.692926,8.674063,9.932424,8.649336,8.857691,8.943416,9.087394,7.412955,9.50526,8.261417,9.492833,8.590804,7.9126472,9.010149,10.234084,8.799082,8.078421,8.864047,9.233382,8.79865,9.641107,8.390443,10.083908
9.408108,9.600796,8.773404,9.844502,9.253956,7.853492,8.146605,8.692295,8.6735935,9.931723,8.648758,8.857103,8.942785,9.086737,7.412432,9.504592,8.260848,9.492178,8.590197,7.912006,9.009491,10.233309,8.798483,8.077898,8.86336,9.232733,8.798043,9.640478,8.389781,10.083245
9.405318,9.597995,8.770516,9.84134,9.250991,7.850614,8.143851,8.68911,8.670975,9.92789,8.645969,8.85378,8.940043,9.083635,7.4102,9.501402,8.257708,9.48961,8.58732,7.9095225,9.006345,10.2299795,8.795784,8.075191,8.860516,9.229806,8.794906,9.637509,8.386429,10.079823
9.408073,9.600977,8.773491,9.844309,9.254014,7.8534656,8.146576,8.692185,8.673378,9.931505,8.648597,8.856969,8.942677,9.086627,7.412397,9.50468,8.260781,9.492111,8.590037,7.9119363,9.009477,10.233302,8.798425,8.077744,8.863376,9.232695,8.79796,9.640507,8.389753,10.08306
9.408732,9.601577,8.774058,9.845164,9.2546215,7.8540034,8.147215,8.692881,8.673998,9.932341,8.649308,8.857611,8.943378,9.0873165,7.412973,9.505159,8.261327,9.492848,8.59076,7.9126062,9.010104,10.234066,8.799092,8.078428,8.864002,9.233386,8.798564,9.641016,8.390461,10.083862
9.405843,9.598541,8.771405,9.842118,9.25206,7.851604,8.144589,8.689959,8.671652,9.929254,8.646663,8.854978,8.940708,9.08472,7.410892,9.502473,8.258704,9.490085,8.5877905,7.910149,9.007309,10.230736,8.796398,8.075751,8.861149,9.2304945,8.796117,9.638425,8.387314,10.080687
9.406673,9.599624,8.772126,9.843271,9.252642,7.8523297,8.145394,8.690989,8.672101,9.930118,8.647655,8.85557,8.941579,9.085588,7.411182,9.503251,8.259641,9.49075,8.588898,7.911024,9.008049,10.23189,8.797106,8.076734,8.862141,9.231076,8.796653,9.638916,8.388499,10.081663
9.406378,9.598963,8.771744,9.842293,9.252186,7.852005,8.144961,8.690332,8.671812,9.929563,8.646999,8.855291,8.940902,9.084975,7.411209,9.502737,8.259058,9.490304,8.588623,7.910586,9.007529,10.230947,8.796901,8.076704,8.861609,9.230771,8.796229,9.6385565,8.388054,10.081455
9.407203,9.600037,8.772557,9.843601,9.253075,7.8528614,8.145818,8.691505,8.67274,9.930782,8.647954,8.856195,8.941925,9.086019,7.411772,9.503692,8.259887,9.491386,8.589504,7.9114447,9.008412,10.232453,8.797729,8.077274,8.862638,9.231804,8.797212,9.639494,8.388961,10.082419
9.407882,9.60083,8.773379,9.844376,9.253994,7.853321,8.146499,8.692103,8.673241,9.931441,8.648561,8.856878,8.942693,9.086592,7.412398,9.504566,8.260706,9.492057,8.589941,7.911952,9.009409,10.233194,8.798346,8.077663,8.863306,9.23257,8.797896,9.640335,8.389629,10.0829525
9.408275,9.600928,8.773474,9.844445,9.2540865,7.853471,8.146604,8.6923685,8.673495,9.931734,8.648641,8.857087,8.942735,9.086939,7.41252,9.504689,8.260852,9.492084,8.5901165,7.9120436,9.009544,10.233383,8.798534,8.077923,8.863455,9.232768,8.798027,9.6404915,8.3897085,10.083347
9.391802,9.586452,8.75941,9.829542,9.239789,7.840225,8.132966,8.678214,8.659828,9.915534,8.635141,8.843206,8.928786,9.073032,7.4008255,9.490503,8.249238,9.476307,8.575779,7.9004035,8.994602,10.217596,8.784243,8.065589,8.849887,9.217249,8.784158,9.62505,8.376225,10.068013
9.407819,9.600467,8.773143,9.844034,9.253553,7.8532014,8.14624,8.691962,8.673188,9.931233,8.648301,8.856651,8.942368,9.08654,7.412107,9.504167,8.260292,9.491756,8.589874,7.911788,9.008913,10.232795,8.798095,8.077589,8.863093,9.232237,8.797638,9.639938,8.389266,10.082856
9.404139,9.5975,8.770095,9.840502,9.2508135,7.849978,8.143201,8.688723,8.670817,9.927145,8.645423,8.853975,8.939395,9.083298,7.409227,9.501418,8.257748,9.488202,8.586599,7.9089,9.005809,10.229207,8.794959,8.074481,8.860295,9.229235,8.795291,9.636774,8.386445,10.078808
9.405031,9.59828,8.770295,9.841072,9.251211,7.8506947,8.143464,8.689699,8.670744,9.928016,8.646056,8.853964,8.940023,9.083863,7.409951,9.5016365,8.258339,9.488942,8.587333,7.909619,9.006734,10.230109,8.795879,8.075525,8.860543,9.230024,8.79565,9.637376,8.3873205,10.080269
9.407133,9.599982,8.772628,9.843571,9.2531595,7.852653,8.145729,8.691501,8.672647,9.930631,8.647898,8.856172,8.941915,9.085951,7.411712,9.503639,8.260028,9.491146,8.589272,7.911391,9.008582,10.232254,8.797642,8.077104,8.862528,9.231873,8.797196,9.639359,8.388908,10.082354
9.405236,9.598508,8.771132,9.84186,9.251651,7.8510923,8.144134,8.689996,8.671269,9.928853,8.646327,8.854741,8.940379,9.084535,7.410517,9.502204,8.258491,9.489409,8.587517,7.909839,9.006958,10.230492,8.795984,8.075504,8.860996,9.230301,8.795886,9.637621,8.387224,10.080442
9.406959,9.5996895,8.772214,9.84318,9.252873,7.8525734,8.145556,8.691017,8.672503,9.930375,8.647665,8.856018,8.941598,9.085631,7.4117208,9.503203,8.259564,9.490904,8.589102,7.910977,9.008352,10.231975,8.797662,8.077132,8.862193,9.231561,8.796907,9.63918,8.388899,10.082157
9.405215,9.598264,8.770586,9.840974,9.251196,7.851139,8.143927,8.689298,8.671041,9.928547,8.645877,8.854353,8.939891,9.084027,7.410259,9.501763,8.258473,9.488919,8.587539,7.909614,9.006621,10.230006,8.796042,8.075587,8.860486,9.229654,8.795493,9.637822,8.387154,10.080277
9.403572,9.596186,8.768947,9.839502,9.249465,7.849763,8.142579,8.687729,8.66994,9.927325,8.644548,8.853352,8.938498,9.082875,7.4092765,9.499979,8.2570715,9.487185,8.586256,7.908103,9.00485,10.227986,8.794521,8.07465,8.858817,9.228195,8.793666,9.6362,8.3856945,10.078948
9.408094,9.60074,8.77344,9.844382,9.25398,7.853387,8.146523,8.692184,8.67329,9.931522,8.648618,8.856904,8.942687,9.086659,7.412362,9.5045185,8.2607,9.49198,8.5900955,7.9120007,9.009448,10.233149,8.798329,8.077803,8.86338,9.232621,8.797954,9.640341,8.389672,10.083098
9.407369,9.600157,8.772673,9.843671,9.25329,7.8527555,8.145817,8.691511,8.67273,9.93085,8.648002,8.856238,8.942073,9.086003,7.411745,9.503714,8.2599,9.49119,8.589497,7.9112973,9.008727,10.2324295,8.797756,8.0773115,8.862585,9.23198,8.797457,9.639435,8.3890915,10.082442
8.336237,8.448463,7.754847,8.691453,8.250195,6.9531536,7.188783,7.7338123,7.7083344,8.810197,7.661844,7.9165053,7.9470153,8.105198,6.5769253,8.419917,7.297976,8.416347,7.5577793,7.0296526,7.967241,9.048954,7.7933764,7.143615,7.8713756,8.175183,7.8728185,8.503103,7.3953123,8.945081
9.403882,9.596855,8.769865,9.839879,9.251169,7.851253,8.143492,8.688904,8.670691,9.927544,8.646025,8.854114,8.93941,9.083532,7.4103503,9.500381,8.258126,9.488614,8.586116,7.9094543,9.005607,10.228876,8.7956,8.074585,8.859802,9.229153,8.795274,9.636456,8.385778,10.0786495
9.409518,9.601941,8.7747345,9.845456,9.255241,7.8547997,8.148066,8.693488,8.674954,9.9327,8.649735,8.858273,8.944071,9.088076,7.4142866,9.506014,8.262192,9.493424,8.591464,7.9136343,9.010699,10.234291,8.79979,8.079409,8.864753,9.233853,8.799273,9.642025,8.390697,10.084298
9.4092655,9.602239,8.774636,9.845751,9.255452,7.8548245,8.148149,8.693564,8.674776,9.932707,8.650126,8.858123,8.94433,9.088106,7.414119,9.505704,8.262113,9.493636,8.591462,7.9137497,9.010711,10.234605,8.799972,8.079341,8.864829,9.234141,8.799275,9.641631,8.391035,10.084173
9.411625,9.6045065,8.777113,9.848252,9.257706,7.8569927,8.150288,8.695883,8.677082,9.935283,8.652442,8.860661,8.946435,9.090409,7.4158573,9.508205,8.264401,9.495775,8.593774,7.915711,9.013023,10.236991,8.802071,8.081351,8.8671055,9.236267,8.80167,9.644002,8.393319,10.086732
9.411991,9.604836,8.777257,9.848374,9.257864,7.8571954,8.150446,8.696087,8.677204,9.935592,8.65251,8.860808,8.946607,9.090522,7.4161086,9.508487,8.264533,9.495978,8.593981,7.915788,9.013351,10.237328,8.802293,8.081601,8.86726,9.236651,8.801845,9.644311,8.393676,10.087057
9.407674,9.600628,8.773028,9.8436575,9.25404,7.853173,8.146161,8.691958,8.672924,9.93072,8.648081,8.856736,8.9427,9.086172,7.4130154,9.504692,8.261158,9.491403,8.589591,7.912124,9.00943,10.2326765,8.79823,8.077596,8.863094,9.232249,8.797885,9.640457,8.389393,10.082361
9.410329,9.602912,8.775608,9.846319,9.2560835,7.8557463,8.148908,8.694155,8.675768,9.933621,8.650821,8.859161,8.94476,9.088699,7.414631,9.506778,8.2626705,9.49411,8.5923395,7.9141464,9.011426,10.235236,8.800675,8.080119,8.865455,9.234657,8.800256,9.6426115,8.391818,10.085081
9.411622,9.604399,8.776863,9.847929,9.257413,7.8569636,8.150141,8.695713,8.676971,9.935189,8.652226,8.860483,8.946239,9.090223,7.415852,9.508037,8.264279,9.495721,8.593679,7.915552,9.012927,10.236817,8.801999,8.081397,8.866873,9.23622,8.801491,9.643982,8.393333,10.086763
9.411658,9.604455,8.77694,9.848048,9.2575245,7.857013,8.150206,8.695729,8.67702,9.935264,8.652261,8.860507,8.946326,9.090213,7.4159737,9.508151,8.26432,9.495768,8.593695,7.9156156,9.01298,10.236872,8.802051,8.081361,8.866899,9.236259,8.801549,9.644104,8.393283,10.086782
9.41174,9.604528,8.777071,9.8481455,9.257554,7.8571196,8.150245,8.695834,8.677102,9.935385,8.652297,8.860631,8.946401,9.090402,7.415984,9.508196,8.264324,9.495804,8.593854,7.9156895,9.01302,10.237018,8.802095,8.081435,8.867042,9.236285,8.801634,9.644129,8.39338,10.086894
9.40923,9.602035,8.774772,9.845448,9.255253,7.8548846,8.147992,8.693433,8.674694,9.932501,8.64987,8.858239,8.944055,9.087983,7.414054,9.505772,8.262288,9.493178,8.591375,7.9134192,9.010845,10.234343,8.799936,8.079289,8.864634,9.233891,8.799349,9.641846,8.391174,10.084203
9.408459,9.601431,8.773634,9.844704,9.254712,7.854512,8.147254,8.692512,8.673906,9.931848,8.649568,8.857063,8.9433775,9.087225,7.4136376,9.504867,8.261466,9.492789,8.590569,7.9131746,9.009988,10.23363,8.799421,8.07883,8.863769,9.23311,8.798799,9.641059,8.390166,10.083352
9.410841,9.603671,8.776108,9.847334,9.256854,7.8562245,8.149454,8.695033,8.6762085,9.93431,8.65164,8.8596325,8.945663,9.089504,7.415294,9.50725,8.2634945,9.494998,8.592943,7.915025,9.012231,10.236011,8.801324,8.080721,8.866187,9.23553,8.800779,9.643093,8.392556,10.085971
9.409726,9.602529,8.774917,9.846157,9.255758,7.8553786,8.148437,8.693787,8.675177,9.933114,8.650786,8.858455,8.944662,9.088498,7.414356,9.50593,8.26229,9.493973,8.591848,7.914061,9.011074,10.234961,8.80041,8.079759,8.864988,9.234357,8.799756,9.641941,8.391516,10.084576
9.407312,9.6001215,8.772705,9.843563,9.253449,7.853393,8.146414,8.691417,8.672814,9.930258,8.648457,8.856135,8.942245,9.086133,7.4125357,9.504176,8.260429,9.491376,8.589308,7.911997,9.008635,10.232397,8.797946,8.077569,8.862819,9.23156,8.797327,9.639854,8.388848,10.0818
9.4101515,9.602861,8.77559,9.846124,9.256019,7.855572,8.148715,8.694083,8.675487,9.9333725,8.650748,8.8590355,8.944603,9.088497,7.4145107,9.506757,8.262689,9.49403,8.592176,7.9141884,9.011379,10.235052,8.800546,8.080076,8.86545,9.234478,8.800294,9.642429,8.39183,10.0849085
9.4121475,9.604912,8.777395,9.848554,9.257933,7.857375,8.150582,8.696202,8.677407,9.93577,8.652688,8.860987,8.946762,9.090673,7.4162574,9.508593,8.264727,9.496191,8.59419,7.915928,9.013491,10.237441,8.8024435,8.081788,8.867373,9.236758,8.80197,9.64449,8.393838,10.08728
9.411309,9.6040125,8.776609,9.847701,9.257171,7.8566384,8.14978,8.695326,8.676582,9.93482,8.651911,8.860114,8.945971,9.089825,7.415618,9.507732,8.2638855,9.49545,8.593302,7.9151926,9.012703,10.236505,8.80164,8.081047,8.866538,9.235919,8.801132,9.6436,8.392988,10.086327
9.410086,9.602821,8.775286,9.8461,9.255876,7.8554893,8.14856,8.694151,8.67535,9.9332285,8.65041,8.8587885,8.9447,9.088675,7.4147315,9.5066395,8.2628565,9.493836,8.592052,7.9141674,9.011292,10.2351055,8.800392,8.079866,8.865375,9.23441,8.800011,9.642698,8.391469,10.084942
9.411186,9.604037,8.776585,9.847553,9.257018,7.8567452,8.149746,8.695365,8.676604,9.93478,8.651753,8.860073,8.9458475,9.08986,7.4155703,9.507728,8.263948,9.495327,8.59331,7.915257,9.012498,10.236421,8.801596,8.080994,8.866533,9.235745,8.801198,9.643686,8.392829,10.086352
9.411854,9.60462,8.777175,9.848302,9.257775,7.8571377,8.150371,8.69591,8.67712,9.93548,8.652423,8.860676,8.946523,9.090443,7.4160333,9.508306,8.26435,9.49593,8.593842,7.915734,9.013186,10.237127,8.802166,8.0814495,8.867124,9.236481,8.801727,9.6442,8.393455,10.08686
9.411243,9.603857,8.776379,9.847563,9.257062,7.856587,8.149687,8.695283,8.676566,9.93471,8.651875,8.860074,8.945871,9.089877,7.41554,9.507488,8.263706,9.495249,8.593192,7.9151683,9.012498,10.236324,8.801655,8.080964,8.8663845,9.235851,8.801015,9.6433735,8.392822,10.086352
9.412361,9.605123,8.777636,9.848775,9.258141,7.857525,8.15079,8.696375,8.677577,9.935987,8.652826,8.861166,8.946941,9.090877,7.41638,9.50878,8.264834,9.496355,8.59437,7.9161053,9.013675,10.23764,8.802605,8.081946,8.867578,9.236942,8.802146,9.644644,8.394002,10.087457
9.409025,9.60211,8.774341,9.844757,9.255121,7.8547716,8.147707,8.693228,8.674755,9.932239,8.649857,8.858265,8.943866,9.087753,7.4136944,9.505924,8.262218,9.492697,8.591429,7.9132276,9.010522,10.233737,8.799525,8.079135,8.8645525,9.233905,8.79959,9.641863,8.391316,10.083802
9.41043,9.602608,8.775495,9.846053,9.255713,7.85526,8.148572,8.694297,8.675859,9.933358,8.650396,8.85918,8.944598,9.08891,7.414588,9.506527,8.2624,9.493867,8.592305,7.9141603,9.011158,10.234893,8.800494,8.08011,8.865389,9.234555,8.800107,9.642103,8.391524,10.085102
9.41077,9.603636,8.776147,9.847293,9.256759,7.856306,8.149445,8.694945,8.6761675,9.93437,8.651609,8.859694,8.945566,9.089583,7.415169,9.507265,8.263383,9.494887,8.59287,7.9148545,9.012192,10.236067,8.801318,8.080686,8.866135,9.235424,8.800815,9.643028,8.392525,10.085823
9.410478,9.60318,8.775839,9.846894,9.256505,7.8558455,8.149094,8.694694,8.675938,9.934094,8.651178,8.859514,8.945247,9.089111,7.415094,9.506942,8.263199,9.4944935,8.592623,7.914498,9.012007,10.235722,8.800976,8.080367,8.865823,9.23527,8.800564,9.642878,8.392362,10.085506
9.410473,9.603061,8.775713,9.846727,9.256317,7.856044,8.148907,8.694607,8.67563,9.933817,8.651061,8.859219,8.945062,9.089182,7.4149137,9.506782,8.263026,9.494339,8.592455,7.914532,9.011691,10.23546,8.80085,8.080316,8.865773,9.234934,8.800366,9.642606,8.39202,10.085532
9.410811,9.60359,8.776092,9.84714,9.256777,7.8561645,8.149448,8.694705,8.676252,9.934145,8.651543,8.859499,8.94553,9.089295,7.41514,9.507138,8.263297,9.494948,8.592745,7.9148436,9.012096,10.235861,8.801307,8.080454,8.866036,9.235391,8.800696,9.643171,8.392334,10.085614
9.411346,9.604225,8.776655,9.847793,9.25721,7.8566947,8.149897,8.695546,8.676696,9.934924,8.651997,8.860219,8.946078,9.089982,7.4156446,9.507861,8.264042,9.495502,8.593459,7.9153557,9.012715,10.236688,8.801718,8.081116,8.866691,9.236022,8.801223,9.643697,8.39311,10.086455
9.410797,9.603712,8.776195,9.847273,9.256755,7.8563266,8.149377,8.695047,8.676155,9.934339,8.651578,8.859745,8.945541,9.089457,7.415287,9.5073805,8.263628,9.4950485,8.59292,7.914941,9.01222,10.236008,8.801274,8.08079,8.866155,9.235503,8.800781,9.6431465,8.392661,10.085988
9.41099,9.60378,8.776273,9.8474245,9.256929,7.8563128,8.149491,8.695155,8.676348,9.9344635,8.651633,8.859868,8.94581,9.089657,7.4153867,9.50745,8.263677,9.49497,8.59319,7.9151583,9.012348,10.236206,8.8014,8.080809,8.8663225,9.235545,8.801,9.643264,8.392738,10.086114
9.411045,9.603936,8.77644,9.847484,9.256965,7.856579,8.149627,8.695298,8.676412,9.9347315,8.651729,8.860035,8.945735,9.089787,7.415387,9.507636,8.263646,9.4951105,8.593154,7.9150677,9.0124235,10.23628,8.801454,8.08093,8.866423,9.235725,8.801056,9.643304,8.392801,10.086219
9.411526,9.604243,8.776778,9.847955,9.257455,7.856794,8.150061,8.695556,8.676763,9.934975,8.652127,8.860237,8.946177,9.090105,7.4158025,9.507873,8.263948,9.495576,8.593461,7.9155235,9.012743,10.236655,8.80188,8.081104,8.866777,9.236161,8.801271,9.643789,8.392975,10.086459
9.410643,9.603369,8.776032,9.846896,9.256728,7.855981,8.149189,8.694764,8.675699,9.934033,8.651047,8.859503,8.94537,9.089263,7.415259,9.507277,8.263487,9.494657,8.592524,7.914596,9.012238,10.235833,8.801059,8.080412,8.865975,9.235236,8.80055,9.643127,8.392292,10.085656
9.411851,9.604439,8.7770405,9.848151,9.257548,7.856987,8.150224,8.69589,8.677183,9.935379,8.652314,8.860704,8.946413,9.090374,7.415942,9.508215,8.264311,9.495729,8.593903,7.9156027,9.0130625,10.236987,8.802085,8.081483,8.8670435,9.236349,8.801647,9.644061,8.393405,10.0868845
9.408702,9.601763,8.7742195,9.844982,9.254881,7.8549194,8.147557,8.693121,8.674518,9.932414,8.649621,8.857949,8.943741,9.087743,7.413797,9.505436,8.262206,9.493044,8.591002,7.913396,9.010303,10.233981,8.79954,8.078974,8.864236,9.2334175,8.799085,9.64158,8.390609,10.083955
9.410635,9.60346,8.775968,9.846944,9.256538,7.8561893,8.149344,8.694739,8.676082,9.934155,8.651321,8.859508,8.945342,9.089316,7.4150977,9.507095,8.263182,9.494732,8.59279,7.914782,9.011855,10.23587,8.801118,8.080477,8.866011,9.235188,8.800585,9.643014,8.392282,10.08556
9.410303,9.6028805,8.775489,9.846266,9.255987,7.8554597,8.148687,8.694404,8.675461,9.933482,8.650724,8.859025,8.944744,9.088823,7.4147596,9.506597,8.262662,9.493928,8.592436,7.9143653,9.011269,10.235196,8.80064,8.080267,8.865603,9.234676,8.800151,9.642196,8.3918295,10.085289
9.409855,9.602461,8.775272,9.846189,9.255791,7.8553247,8.148345,8.694161,8.675288,9.933224,8.650319,8.858747,8.944592,9.088562,7.4143724,9.50639,8.262608,9.4935465,8.592049,7.9141426,9.011112,10.234794,8.800094,8.079634,8.865277,9.234282,8.8000555,9.642177,8.391275,10.084794
9.411728,9.604451,8.776987,9.847979,9.257502,7.856973,8.150193,8.695656,8.6769905,9.935219,8.652202,8.860506,8.946279,9.090147,7.41588,9.508148,8.264219,9.495784,8.593748,7.9154987,9.013026,10.236939,8.802039,8.081399,8.866919,9.236279,8.801488,9.644066,8.39336,10.08672
9.410092,9.602867,8.775594,9.846209,9.256102,7.855754,8.14871,8.694126,8.675545,9.933521,8.650858,8.859051,8.944803,9.088679,7.414689,9.506555,8.262758,9.494119,8.59228,7.914072,9.011456,10.235182,8.800637,8.079998,8.865406,9.2347145,8.80017,9.642514,8.391912,10.085091
9.41056,9.603335,8.776108,9.84677,9.256469,7.8561187,8.149207,8.694562,8.676015,9.93388,8.651119,8.859447,8.945247,9.089225,7.414839,9.5071945,8.263139,9.494486,8.59265,7.914473,9.011867,10.235735,8.800888,8.080176,8.865938,9.234907,8.800611,9.643026,8.392176,10.085397
9.4120245,9.604854,8.777349,9.848549,9.257929,7.8573227,8.150579,8.696151,8.677331,9.935693,8.6526575,8.860886,8.946759,9.090678,7.4161735,9.5085125,8.26467,9.496142,8.59411,7.915935,9.013406,10.237397,8.802374,8.081672,8.867362,9.236685,8.801881,9.644418,8.393718,10.087167
9.411101,9.603861,8.776455,9.847463,9.256947,7.8564,8.149609,8.695126,8.676457,9.934562,8.651665,8.859976,8.945693,9.089683,7.415458,9.5075865,8.263518,9.4950285,8.593164,7.914972,9.012336,10.236317,8.801462,8.080823,8.866396,9.235659,8.800929,9.643358,8.392697,10.086179
9.4111185,9.604081,8.776512,9.847529,9.257115,7.8565307,8.149721,8.6953335,8.676366,9.934739,8.651721,8.859989,8.945844,9.089759,7.4153967,9.507677,8.263783,9.495092,8.593252,7.915131,9.012542,10.236415,8.801563,8.080999,8.866499,9.235804,8.801171,9.643461,8.392941,10.086243
9.410142,9.602819,8.775474,9.846475,9.256194,7.855658,8.14871,8.694368,8.675241,9.933577,8.650546,8.858882,8.944862,9.088738,7.414674,9.506662,8.262788,9.494065,8.592077,7.9143515,9.011515,10.235244,8.800413,8.079954,8.865483,9.234692,8.800065,9.642518,8.391573,10.08498
9.412408,9.605185,8.777628,9.848851,9.258219,7.857578,8.150832,8.696465,8.677619,9.936049,8.6529045,8.861189,8.947,9.090936,7.416442,9.50883,8.264925,9.496425,8.594399,7.9161687,9.013729,10.23775,8.8026905,8.08197,8.867634,9.237017,8.802186,9.644725,8.394044,10.087528
9.410069,9.602674,8.775357,9.846384,9.255915,7.855446,8.14876,8.694242,8.67532,9.933386,8.650746,8.85889,8.944866,9.088657,7.41464,9.506652,8.262977,9.494167,8.592037,7.9141865,9.011402,10.235112,8.800357,8.079997,8.865378,9.2345915,8.79983,9.642424,8.391752,10.08488
9.411515,9.604319,8.7769165,9.848032,9.257475,7.8569155,8.150023,8.695648,8.676818,9.935156,8.652105,8.860414,8.946236,9.0901165,7.4158025,9.508062,8.26419,9.495576,8.59362,7.9155,9.012924,10.236784,8.801851,8.081242,8.866864,9.236086,8.801478,9.643928,8.393248,10.086655
9.411754,9.604433,8.777036,9.8481,9.257514,7.856995,8.150252,8.695806,8.677045,9.935305,8.6522665,8.860582,8.946316,9.090319,7.4158454,9.508174,8.264271,9.495762,8.593786,7.9156075,9.012997,10.236942,8.802026,8.081439,8.867013,9.236266,8.801535,9.644019,8.39335,10.086774
9.409863,9.602453,8.774918,9.845893,9.255615,7.8551574,8.148391,8.693819,8.675337,9.932944,8.650411,8.858606,8.944346,9.088325,7.4145494,9.506149,8.262391,9.493948,8.591648,7.9139204,9.010886,10.234578,8.800371,8.079764,8.864888,9.2344055,8.799544,9.642017,8.391235,10.084681
9.411032,9.603834,8.776343,9.847411,9.256994,7.8564105,8.149573,8.695222,8.676297,9.934561,8.651607,8.859883,8.945784,9.089665,7.415431,9.50745,8.2637205,9.495215,8.593026,7.9150467,9.012393,10.236292,8.801421,8.080753,8.866338,9.235697,8.800872,9.643353,8.392666,10.086017
9.410245,9.602917,8.77563,9.846624,9.256177,7.8556385,8.148861,8.694417,8.6757965,9.933609,8.651135,8.859268,8.944975,9.088947,7.414539,9.506643,8.262958,9.49415,8.592342,7.9144063,9.011578,10.235205,8.800668,8.080091,8.865604,9.234761,8.800232,9.642349,8.391881,10.085157
9.411323,9.604244,8.77678,9.847793,9.257361,7.856778,8.149909,8.695565,8.676688,9.935022,8.651966,8.860332,8.946133,9.090026,7.415678,9.50793,8.264154,9.495439,8.5934515,7.915391,9.012802,10.236681,8.801747,8.081068,8.866749,9.236037,8.801375,9.643791,8.393143,10.086484
9.4113455,9.60419,8.776657,9.847826,9.25728,7.8568244,8.149924,8.695604,8.676602,9.935054,8.651911,8.860281,8.946088,9.090034,7.4157004,9.507848,8.264125,9.495462,8.593446,7.915368,9.012737,10.236738,8.801765,8.081217,8.866702,9.236032,8.80123,9.643779,8.393128,10.086599
9.409945,9.602639,8.775283,9.846065,9.255845,7.8551435,8.1485,8.693985,8.675149,9.933037,8.650276,8.858565,8.94453,9.088432,7.414318,9.506529,8.262456,9.493508,8.591959,7.914006,9.011217,10.234841,8.800116,8.079573,8.8653,9.234308,8.799959,9.642358,8.391256,10.084576
9.411159,9.604029,8.776603,9.847601,9.257164,7.8565264,8.149684,8.695322,8.676515,9.9346285,8.651831,8.860031,8.945908,9.089831,7.4156,9.507642,8.2637205,9.495207,8.59324,7.915278,9.012499,10.236401,8.801607,8.080897,8.866559,9.23581,8.801147,9.643426,8.392793,10.086345
9.410131,9.602425,8.7753315,9.846069,9.255558,7.855089,8.148413,8.693998,8.675546,9.933021,8.650403,8.858741,8.944608,9.088679,7.414405,9.506248,8.262282,9.493839,8.592135,7.9141717,9.010978,10.23478,8.800283,8.079899,8.86523,9.234134,8.799946,9.641916,8.391281,10.084672
9.409808,9.60242,8.77493,9.846122,9.255924,7.855227,8.148245,8.6939335,8.6751995,9.93308,8.650647,8.858633,8.944568,9.088294,7.4144645,9.506133,8.26239,9.493631,8.591794,7.9138966,9.011131,10.234922,8.8003645,8.079677,8.865066,9.234325,8.799942,9.641806,8.391475,10.084708
9.411459,9.604379,8.776871,9.847985,9.25745,7.8568826,8.150111,8.695635,8.676831,9.935108,8.652152,8.860386,8.946247,9.090181,7.4157596,9.508094,8.26421,9.495598,8.593582,7.9155145,9.012873,10.236822,8.80188,8.081183,8.866892,9.236093,8.801433,9.643905,8.393197,10.086519
9.412111,9.604921,8.777403,9.848559,9.257943,7.857328,8.150589,8.696206,8.677362,9.935697,8.65262,8.8608885,8.946764,9.090684,7.41626,9.508561,8.2646265,9.496173,8.594145,7.91601,9.01338,10.237404,8.802406,8.0817,8.867402,9.2367,8.801921,9.644445,8.39369,10.087206
9.409868,9.602454,8.774989,9.845684,9.255585,7.854901,8.148043,8.693738,8.674931,9.932711,8.650088,8.858277,8.944186,9.088231,7.414342,9.506095,8.262005,9.493588,8.59153,7.913725,9.010969,10.234565,8.800099,8.079534,8.864948,9.234223,8.799639,9.641782,8.390986,10.08455
7.325408,7.5049663,6.83482,7.648788,7.347057,6.1858993,6.362777,6.873639,6.7909584,7.7830267,6.761346,6.964171,7.056376,7.166264,5.7866445,7.4382997,6.443048,7.474293,6.571595,6.227665,7.039265,8.03489,6.9134398,6.2710667,6.9691067,7.241389,7.025648,7.4842224,6.507697,7.8604074
9.387847,9.582011,8.755001,9.822139,9.236961,7.8411016,8.13043,8.674906,8.657391,9.911847,8.632598,8.840146,8.924876,9.067836,7.3996353,9.484633,8.245589,9.475073,8.570891,7.897451,8.990423,10.213864,8.782512,8.061318,8.844904,9.214013,8.782436,9.621027,8.371635,10.061573
9.414289,9.606962,8.779384,9.850552,9.260036,7.8595567,8.152764,8.698269,8.679621,9.937728,8.654829,8.863055,8.94893,9.092716,7.418606,9.510621,8.266817,9.498117,8.596446,7.91821,9.015483,10.239433,8.80465,8.084051,8.869516,9.238819,8.804105,9.646563,8.395939,10.08937
9.41522,9.607946,8.78042,9.851592,9.261043,7.860393,8.153671,8.699224,8.680371,9.938828,8.655693,8.863974,8.949859,9.093719,7.4193163,9.511637,8.267697,9.499172,8.597218,7.918977,9.016568,10.240509,8.805509,8.084798,8.870437,9.239839,8.805032,9.647554,8.396889,10.09028
9.415291,9.607982,8.780478,9.851612,9.261039,7.860423,8.153709,8.69925,8.680432,9.938825,8.655679,8.863994,8.94984,9.093744,7.419308,9.511689,8.26766,9.499138,8.597293,7.9190173,9.01653,10.240531,8.805518,8.084813,8.870502,9.2398405,8.80505,9.647565,8.396884,10.0903425
9.414946,9.607692,8.78023,9.851388,9.260779,7.8601947,8.153436,8.699058,8.680214,9.938553,8.65552,8.863824,8.949606,9.093545,7.419047,9.511457,8.267513,9.498893,8.596976,7.918794,9.016273,10.2401905,8.805222,8.084597,8.870229,9.239547,8.804836,9.647184,8.396626,10.090049
9.414169,9.606644,8.779343,9.850258,9.259818,7.8593907,8.152547,8.697984,8.67937,9.937432,8.654498,8.862844,8.948661,9.092594,7.418389,9.51045,8.266511,9.49797,8.5960865,7.917904,9.015292,10.239096,8.8043785,8.083753,8.869302,9.238481,8.803784,9.646413,8.395588,10.089058
9.411631,9.604714,8.777429,9.848238,9.257905,7.857644,8.150861,8.69608,8.67771,9.935365,8.652846,8.860969,8.946727,9.090738,7.4168005,9.508404,8.264755,9.496189,8.594127,7.9165316,9.013262,10.236825,8.802575,8.082059,8.86745,9.236352,8.802256,9.644287,8.393719,10.086856
9.415215,9.607939,8.780362,9.851617,9.261012,7.860377,8.153635,8.699261,8.680345,9.938792,8.655676,8.863907,8.949828,9.093745,7.4192996,9.511612,8.267667,9.499149,8.597192,7.919022,9.016461,10.240513,8.805478,8.08479,8.870442,9.239818,8.804975,9.647481,8.396805,10.090294
9.412022,9.605012,8.77758,9.848534,9.258235,7.8576174,8.151092,8.696466,8.677734,9.935518,8.652756,8.861128,8.9472065,9.090991,7.4168353,9.508884,8.265217,9.495975,8.594401,7.9166636,9.013594,10.237275,8.802558,8.082101,8.8678,9.236858,8.802424,9.644748,8.393957,10.086917
9.4143505,9.607001,8.779527,9.850616,9.259979,7.8596234,8.152864,8.698289,8.679584,9.93774,8.654864,8.863074,8.948931,9.092785,7.418541,9.510675,8.266838,9.498275,8.596403,7.9181604,9.0154915,10.239451,8.804662,8.084113,8.869511,9.238845,8.804037,9.646575,8.396035,10.089312
9.41447,9.607262,8.779747,9.85087,9.260354,7.859824,8.153058,8.698622,8.679718,9.938012,8.655164,8.863269,8.949221,9.093083,7.4188685,9.510853,8.26705,9.498611,8.596631,7.918553,9.015738,10.239798,8.804953,8.084301,8.869833,9.23915,8.804306,9.646774,8.396268,10.089656
9.414452,9.607228,8.779858,9.850958,9.2604265,7.8597445,8.153048,8.69864,8.679758,9.938072,8.65502,8.863312,8.949275,9.093088,7.4187536,9.510985,8.267143,9.498485,8.596625,7.9186006,9.015822,10.239701,8.804811,8.084194,8.869892,9.239063,8.804449,9.6468525,8.396154,10.089551
9.412475,9.605519,8.777974,9.848677,9.258651,7.8579974,8.151158,8.69674,8.677989,9.9356575,8.653131,8.861338,8.947252,9.091095,7.4170628,9.509279,8.265199,9.496379,8.594674,7.916798,9.0137615,10.237733,8.802943,8.082479,8.868022,9.237049,8.802876,9.64489,8.394289,10.087364
9.414132,9.607038,8.7793865,9.850723,9.260196,7.8595285,8.152881,8.698255,8.679519,9.9376745,8.655019,8.862942,8.949082,9.092844,7.4185805,9.510579,8.266882,9.4983225,8.5962925,7.9183707,9.015546,10.239491,8.804743,8.084019,8.869538,9.23886,8.804077,9.646548,8.395947,10.089253
9.414556,9.607293,8.779775,9.850837,9.260408,7.8596535,8.152964,8.698545,8.679656,9.937889,8.654936,8.863144,8.949135,9.092995,7.4187403,9.511021,8.266959,9.498361,8.596433,7.9184246,9.01579,10.239643,8.804781,8.084023,8.869808,9.239015,8.804397,9.646841,8.395922,10.089425
9.414567,9.6072445,8.779851,9.850914,9.260392,7.8598394,8.153115,8.698542,8.679843,9.93804,8.655047,8.863288,8.949227,9.09315,7.418824,9.510951,8.267062,9.498542,8.59658,7.9185424,9.015814,10.239665,8.804897,8.084178,8.86982,9.239077,8.8043785,9.64697,8.3960495,10.089575
9.412921,9.605725,8.778105,9.849271,9.258739,7.858604,8.151698,8.6970825,8.678605,9.93654,8.653891,8.861928,8.947681,9.091475,7.417679,9.509432,8.2659,9.497111,8.595245,7.917083,9.014293,10.238136,8.803717,8.08325,8.8682375,9.237596,8.803047,9.645398,8.394913,10.088178
9.414346,9.607232,8.779728,9.850899,9.260344,7.8596506,8.152967,8.698513,8.679625,9.937899,8.655072,8.863241,8.949121,9.092987,7.4187984,9.510852,8.266982,9.498528,8.596455,7.918383,9.015809,10.239761,8.8049135,8.084192,8.869746,9.239143,8.804263,9.646669,8.396238,10.089507
9.414814,9.607578,8.780152,9.851328,9.2607765,7.860143,8.153347,8.698965,8.680054,9.938493,8.655346,8.863643,8.949536,9.093405,7.419067,9.511333,8.267413,9.498835,8.596894,7.918831,9.016198,10.24008,8.805136,8.084507,8.870164,9.239469,8.804801,9.647224,8.39649,10.089963
9.412405,9.605029,8.777887,9.84848,9.258267,7.857759,8.15114,8.696561,8.678025,9.935691,8.65295,8.861357,8.94708,9.091053,7.4170976,9.509022,8.265044,9.496195,8.594719,7.91691,9.013561,10.2371435,8.802917,8.0824995,8.867883,9.236695,8.802743,9.644713,8.393847,10.087252
9.415191,9.607877,8.780422,9.8516245,9.261034,7.860428,8.153667,8.699233,8.680363,9.938857,8.655718,8.864012,8.949836,9.093798,7.419338,9.511617,8.2677,9.499206,8.597183,7.9189973,9.016546,10.240501,8.805498,8.084808,8.870446,9.239835,8.805012,9.647514,8.396872,10.0903015
9.412165,9.604932,8.777284,9.848319,9.258243,7.8576803,8.150753,8.696432,8.67773,9.935231,8.652882,8.860962,8.946923,9.090609,7.4170747,9.508623,8.264781,9.495954,8.594361,7.916506,9.013258,10.237281,8.802756,8.082158,8.867519,9.236768,8.802449,9.644282,8.393896,10.087103
9.414026,9.606751,8.779372,9.85041,9.260002,7.859351,8.152568,8.69806,8.679335,9.937436,8.65467,8.862823,8.9488325,9.09258,7.418282,9.510442,8.266619,9.497941,8.5961485,7.9179792,9.015418,10.239208,8.804408,8.083663,8.869346,9.2386055,8.803916,9.646304,8.395723,10.089006
9.412788,9.605204,8.777971,9.84891,9.25863,7.857903,8.151225,8.696628,8.678026,9.93594,8.653282,8.861441,8.947508,9.091076,7.4174123,9.5090275,8.265298,9.49646,8.594798,7.916814,9.014055,10.237526,8.803104,8.08243,8.867977,9.237222,8.802484,9.644991,8.394179,10.087473
9.414208,9.606765,8.779476,9.850438,9.2599125,7.8594947,8.152679,8.69815,8.679337,9.937552,8.6545725,8.862959,8.948671,9.092705,7.4185295,9.510584,8.266615,9.498034,8.596226,7.9181104,9.015342,10.23911,8.804447,8.084048,8.869402,9.238727,8.80394,9.646371,8.395789,10.089219
9.414955,9.607555,8.779976,9.851187,9.260623,7.860159,8.153387,8.698837,8.680194,9.938487,8.655435,8.863664,8.949458,9.093435,7.419015,9.511182,8.267318,9.498808,8.596904,7.9187427,9.016105,10.240041,8.805301,8.084605,8.8700485,9.239461,8.804641,9.647151,8.396529,10.089993
9.412773,9.60572,8.778396,9.849467,9.25925,7.858325,8.15161,8.6971,8.678225,9.936336,8.6536455,8.86189,8.948011,9.09155,7.417654,9.509656,8.26598,9.496935,8.5950575,7.9173574,9.014511,10.237994,8.803365,8.082725,8.868513,9.237575,8.803009,9.6454935,8.394711,10.087802
9.410285,9.603252,8.77535,9.8461075,9.256498,7.8561,8.148728,8.694879,8.676191,9.933377,8.651398,8.859609,8.945303,9.089229,7.415239,9.507022,8.263752,9.493699,8.592787,7.914757,9.011977,10.235212,8.801144,8.080793,8.865814,9.235123,8.801258,9.64272,8.392711,10.08532
9.414396,9.607132,8.77966,9.850673,9.260164,7.8596992,8.152914,8.698427,8.679515,9.937874,8.654785,8.8631315,8.948932,9.092961,7.4186373,9.510789,8.266821,9.498222,8.59647,7.9182615,9.015691,10.23953,8.8047495,8.084221,8.869683,9.2390375,8.804264,9.646639,8.396079,10.0895195
9.414436,9.607108,8.779771,9.85089,9.260338,7.8596196,8.152974,8.698537,8.6798,9.93799,8.654993,8.863321,8.949063,9.093065,7.41872,9.511011,8.266854,9.498229,8.596525,7.9184227,9.015673,10.239733,8.804709,8.084038,8.869823,9.238924,8.804417,9.646709,8.395942,10.089418
9.414447,9.607367,8.779792,9.850883,9.2603445,7.8598757,8.152997,8.698643,8.679682,9.938008,8.655044,8.863219,8.949196,9.093112,7.4187856,9.510963,8.26714,9.498585,8.5965805,7.9185195,9.015823,10.239777,8.804863,8.084271,8.869846,9.239101,8.804348,9.646862,8.396215,10.089684
9.414081,9.607043,8.779387,9.850633,9.260136,7.8595347,8.152656,8.698319,8.679408,9.937642,8.654813,8.862945,8.948965,9.092822,7.418413,9.5106735,8.266921,9.498025,8.596283,7.9182053,9.015534,10.239457,8.804519,8.083915,8.869484,9.238736,8.80419,9.646446,8.395999,10.089252
9.414786,9.607373,8.779873,9.850945,9.260519,7.8598323,8.153095,8.698641,8.679799,9.938122,8.6551,8.863341,8.94928,9.093168,7.4188833,9.51108,8.267133,9.498625,8.596616,7.9185123,9.016019,10.239861,8.805009,8.084318,8.869894,9.239228,8.804474,9.646978,8.396216,10.089665
9.41514,9.607749,8.780246,9.851487,9.260874,7.8602962,8.153512,8.699176,8.680364,9.938742,8.6556015,8.863954,8.949682,9.093647,7.4191976,9.511534,8.267622,9.499014,8.597101,7.9188576,9.016414,10.240367,8.805411,8.084751,8.870308,9.239678,8.804924,9.647374,8.396765,10.090281
9.414293,9.606821,8.779425,9.850585,9.259997,7.85948,8.152827,8.698352,8.679488,9.937702,8.654725,8.863025,8.948777,9.092824,7.4185734,9.510678,8.266672,9.49804,8.596326,7.918284,9.015352,10.239375,8.804556,8.084006,8.869543,9.238731,8.804073,9.6465,8.395736,10.089211
9.415209,9.607895,8.780392,9.851539,9.260941,7.8604217,8.153654,8.699168,8.680439,9.938795,8.655663,8.863951,8.949753,9.093686,7.419303,9.511594,8.267651,9.499175,8.59722,7.919013,9.016402,10.240391,8.805482,8.084827,8.870411,9.239753,8.80495,9.64753,8.396796,10.090304
9.411391,9.603523,8.776305,9.846848,9.256654,7.85663,8.149564,8.695155,8.67724,9.933952,8.651807,8.860342,8.945913,9.089572,7.416076,9.507356,8.263513,9.494586,8.593571,7.915447,9.012175,10.235756,8.801562,8.081347,8.866561,9.235456,8.801186,9.642965,8.392457,10.086365
9.413508,9.606092,8.778834,9.849893,9.25933,7.8589764,8.152104,8.697657,8.678755,9.936901,8.654247,8.86229,8.9483185,9.092051,7.4178896,9.5099535,8.266234,9.497395,8.595887,7.917674,9.014748,10.238577,8.80387,8.083506,8.86898,9.237987,8.803311,9.6457815,8.39524,10.088615
9.413917,9.606476,8.7790575,9.849838,9.259592,7.858913,8.152162,8.6977825,8.679,9.937028,8.654048,8.86257,8.948338,9.092087,7.4182043,9.510319,8.266403,9.497729,8.595803,7.9176617,9.015146,10.23882,8.80411,8.083583,8.869038,9.2383375,8.803584,9.646131,8.395362,10.088732
9.414943,9.607597,8.780205,9.851263,9.260742,7.86014,8.153358,8.698908,8.680133,9.93841,8.65537,8.863676,8.9495125,9.093433,7.4190626,9.511307,8.2674,9.498889,8.596872,7.918747,9.016231,10.240078,8.805214,8.084523,8.870138,9.239496,8.80474,9.647202,8.396539,10.089985
9.412621,9.605296,8.778242,9.8488455,9.258822,7.858157,8.151148,8.696768,8.678151,9.9358425,8.653145,8.861607,8.947323,9.091276,7.4173746,9.509436,8.265421,9.496529,8.594506,7.9167523,9.014098,10.237715,8.802983,8.082311,8.867982,9.237174,8.80299,9.645201,8.394215,10.087491
9.414663,9.607452,8.779979,9.851183,9.26062,7.8600745,8.153229,8.698873,8.679876,9.938341,8.6552725,8.863586,8.949469,9.093409,7.418962,9.511223,8.267439,9.498759,8.596721,7.9186525,9.016104,10.240051,8.805043,8.084389,8.870035,9.239374,8.804542,9.647094,8.396429,10.089872
9.414441,9.607187,8.779725,9.8508005,9.2603245,7.859737,8.152984,8.698516,8.679577,9.937957,8.65494,8.86321,8.949083,9.09304,7.418793,9.511018,8.267017,9.49851,8.5964575,7.9183965,9.015765,10.239717,8.804775,8.084195,8.86978,9.239011,8.8042555,9.646821,8.396064,10.089471
9.41424,9.606997,8.779418,9.850654,9.260198,7.85942,8.152663,8.69837,8.679425,9.937659,8.654809,8.862866,8.94894,9.092788,7.4185724,9.510603,8.266688,9.498163,8.596226,7.918257,9.015499,10.239394,8.80459,8.083937,8.869536,9.238926,8.804109,9.646358,8.39586,10.08932
9.414271,9.606995,8.779647,9.850793,9.260187,7.8597856,8.153018,8.698382,8.679572,9.937995,8.655017,8.863255,8.949065,9.092988,7.418653,9.510836,8.266995,9.498354,8.596413,7.918264,9.015685,10.239661,8.804738,8.084093,8.869681,9.238894,8.804119,9.646745,8.396126,10.089366
9.41396,9.606674,8.779151,9.850379,9.259909,7.8592587,8.1524935,8.698171,8.679398,9.9374075,8.6545,8.862699,8.948645,9.092459,7.418347,9.510382,8.26654,9.497887,8.596008,7.9181266,9.015166,10.239099,8.804374,8.083722,8.869232,9.238616,8.804008,9.646255,8.395527,10.088992
9.414676,9.607443,8.779926,9.851169,9.260529,7.860029,8.153165,8.698798,8.679894,9.938315,8.655189,8.863439,8.9494095,9.093293,7.4189177,9.511148,8.267286,9.49871,8.59678,7.9187055,9.015968,10.239961,8.804976,8.084389,8.869996,9.239229,8.804573,9.647055,8.396334,10.089761
9.412524,9.6055,8.778006,9.8491335,9.258716,7.858281,8.151621,8.69691,8.678108,9.93616,8.653377,8.861397,8.947765,9.091491,7.4174023,9.509148,8.265598,9.496925,8.594821,7.9172735,9.014011,10.237937,8.803252,8.082741,8.868297,9.237343,8.802674,9.6451845,8.394347,10.087595
9.414308,9.606904,8.779554,9.850646,9.260091,7.859491,8.1528,8.698372,8.679412,9.937736,8.654705,8.862972,8.94894,9.092824,7.4185395,9.510705,8.266854,9.498096,8.596319,7.918254,9.01558,10.239361,8.804468,8.083945,8.869587,9.238817,8.804094,9.646582,8.395794,10.089259
9.4136305,9.60628,8.77878,9.84962,9.259419,7.8587065,8.151936,8.697612,8.678846,9.936711,8.65377,8.862243,8.948211,9.091877,7.417861,9.510052,8.266104,9.497344,8.595626,7.917416,9.014839,10.238649,8.803775,8.083154,8.868829,9.238157,8.803415,9.645835,8.395087,10.088342
9.408965,9.6022415,8.77486,9.845641,9.255791,7.8550396,8.148186,8.693564,8.67494,9.932138,8.6508,8.858087,8.94444,9.08829,7.414913,9.505628,8.261976,9.493493,8.591678,7.914711,9.010498,10.234081,8.800225,8.079963,8.865142,9.233754,8.799897,9.641169,8.390981,10.084007
9.415131,9.607774,8.78032,9.851448,9.260842,7.8603096,8.15358,8.699116,8.680389,9.938717,8.65562,8.863956,8.949709,9.093695,7.419164,9.511501,8.26761,9.499017,8.597189,7.918911,9.01636,10.240288,8.805396,8.08479,8.870343,9.239631,8.80492,9.647383,8.396787,10.090237
9.414362,9.607118,8.77968,9.850732,9.260149,7.859884,8.152928,8.698464,8.679691,9.937963,8.6549225,8.863255,8.948997,9.093008,7.418669,9.510877,8.266991,9.498387,8.596459,7.918287,9.015673,10.239651,8.804766,8.084154,8.869694,9.238932,8.804241,9.646812,8.396109,10.089574
9.415327,9.608019,8.780576,9.851767,9.261138,7.8604965,8.153769,8.699351,8.680547,9.938932,8.65583,8.864099,8.94999,9.09386,7.4193745,9.51171,8.267802,9.499251,8.597394,7.9191537,9.016623,10.24059,8.805584,8.084871,8.870591,9.239891,8.8051195,9.647622,8.396939,10.090442
9.414216,9.606821,8.779389,9.850476,9.26011,7.859447,8.152743,8.698245,8.679424,9.937618,8.654721,8.862897,8.948896,9.09278,7.4186506,9.510629,8.26675,9.498152,8.596175,7.918289,9.015471,10.239282,8.804599,8.083969,8.869451,9.2387295,8.804131,9.646542,8.39567,10.089219
9.414955,9.607649,8.780101,9.851249,9.260701,7.860086,8.153384,8.698866,8.68008,9.938431,8.655399,8.863638,8.949549,9.093383,7.419029,9.511282,8.267366,9.498832,8.596987,7.9187407,9.016228,10.240126,8.805246,8.08458,8.870126,9.239487,8.804682,9.647188,8.3966,10.089976
9.414977,9.607683,8.780277,9.85142,9.260796,7.8602057,8.153455,8.699041,8.680272,9.938546,8.6554985,8.86379,8.949695,9.093542,7.419124,9.511402,8.267519,9.498915,8.597088,7.918929,9.016259,10.2402115,8.805246,8.084564,8.870286,9.239497,8.804871,9.647304,8.396581,10.090093
9.414924,9.607576,8.780046,9.851269,9.260669,7.8601937,8.153387,8.698893,8.680058,9.938465,8.655377,8.8636,8.949511,9.093452,7.419073,9.511252,8.267354,9.498854,8.596933,7.9187803,9.0161295,10.240122,8.805247,8.084613,8.870141,9.23948,8.804643,9.647192,8.396526,10.090029
9.413232,9.605908,8.778368,9.849416,9.259134,7.858785,8.151856,8.697285,8.678189,9.936659,8.653864,8.862055,8.947931,9.091793,7.4178734,9.509655,8.265934,9.497303,8.595118,7.9173083,9.014719,10.238519,8.803812,8.083273,8.868359,9.237885,8.802986,9.645608,8.395131,10.088152
9.414852,9.60767,8.7801,9.851207,9.260682,7.8600545,8.153288,8.698965,8.680071,9.938374,8.655294,8.863624,8.949496,9.093324,7.419017,9.5113,8.267454,9.498865,8.596821,7.918722,9.016164,10.240137,8.805138,8.084478,8.870127,9.239463,8.80465,9.647152,8.396485,10.089924
9.41489,9.607672,8.780146,9.851251,9.260692,7.860092,8.153443,8.698944,8.680083,9.9384165,8.655365,8.863637,8.949537,9.09342,7.4190335,9.511393,8.267429,9.498831,8.5969715,7.9187713,9.016175,10.240195,8.80521,8.084546,8.8702135,9.239448,8.804726,9.647272,8.396562,10.089917
9.413648,9.606075,8.778591,9.849664,9.259373,7.858672,8.151862,8.697891,8.679062,9.936799,8.653913,8.862475,8.9480295,9.092034,7.4178486,9.510064,8.266077,9.497004,8.595651,7.9175253,9.014716,10.238628,8.803935,8.083272,8.868809,9.238062,8.803756,9.64571,8.395064,10.088514
9.413768,9.606485,8.778996,9.849887,9.259613,7.8591614,8.152235,8.697804,8.6789875,9.937214,8.654358,8.8624935,8.948355,9.0923195,7.418253,9.510079,8.26619,9.497743,8.59583,7.9178457,9.015048,10.238821,8.804223,8.083752,8.869037,9.238381,8.803755,9.645946,8.395492,10.088849
6.6740184,6.764087,6.1821713,6.919156,6.575702,5.608159,5.750659,6.2557855,6.103155,7.058708,6.141258,6.3528748,6.3617764,6.430761,5.2270937,6.7418795,5.766495,6.7734027,5.975502,5.615753,6.3545475,7.3274627,6.1887617,5.71583,6.274611,6.566452,6.3116665,6.72201,6.007918,7.1905165
9.3575,9.548818,8.723795,9.789206,9.206795,7.8132725,8.102943,8.649159,8.630155,9.87657,8.604054,8.811815,8.8968315,9.037795,7.3759155,9.452862,8.214746,9.443262,8.543924,7.872219,8.958272,10.181205,8.751964,8.036502,8.817508,9.18432,8.753855,9.587532,8.343621,10.027667
9.417402,9.610002,8.782476,9.853652,9.263134,7.862715,8.155889,8.701441,8.682675,9.940895,8.657924,8.866131,8.95204,9.096032,7.4216666,9.513644,8.269819,9.501275,8.599539,7.9214315,9.018523,10.2425785,8.807744,8.087225,8.872638,9.241889,8.807233,9.649582,8.399043,10.092469
9.417411,9.609818,8.782546,9.8535,9.263121,7.862499,8.1558275,8.701229,8.68252,9.940719,8.657876,8.866034,8.951925,9.095809,7.4216604,9.513598,8.269672,9.501173,8.599363,7.9212,9.018518,10.2423315,8.807666,8.087049,8.872556,9.241838,8.807083,9.6495285,8.398884,10.092227
9.418772,9.611469,8.783918,9.855208,9.264533,7.8638587,8.157211,8.702737,8.683842,9.942388,8.659223,8.867436,8.953385,9.097252,7.4227676,9.5151615,8.271191,9.502725,8.600755,7.9225173,9.020052,10.244095,8.809032,8.0883045,8.873999,9.243355,8.808491,9.651067,8.40042,10.093867
9.417879,9.610591,8.783058,9.854212,9.263625,7.863189,8.1563835,8.701916,8.6831045,9.941445,8.658472,8.86668,8.9525385,9.096505,7.422048,9.514286,8.27041,9.501836,8.599981,7.9218173,9.019169,10.24315,8.808243,8.087627,8.873171,9.242436,8.807703,9.650179,8.399611,10.093071
9.417782,9.610363,8.782904,9.8539295,9.263401,7.863063,8.156221,8.701733,8.682996,9.94123,8.65817,8.866497,8.952337,9.096308,7.4219327,9.514154,8.270316,9.501626,8.599837,7.9216523,9.018963,10.242869,8.808073,8.087436,8.873007,9.242202,8.8075285,9.650139,8.399328,10.092875
9.417863,9.610647,8.783144,9.854242,9.263775,7.863202,8.156452,8.70189,8.683115,9.941486,8.658442,8.866696,8.952597,9.096385,7.4221754,9.514432,8.270553,9.501898,8.599952,7.921841,9.0192795,10.243102,8.808283,8.087596,8.873212,9.242462,8.807812,9.650364,8.399627,10.093002
9.416653,9.609311,8.781923,9.853045,9.262773,7.8619423,8.155386,8.700673,8.681807,9.940044,8.657302,8.865314,8.951556,9.095291,7.421178,9.513061,8.269239,9.500632,8.598727,7.9208374,9.018082,10.241795,8.807176,8.086416,8.872052,9.241337,8.806514,9.64899,8.39826,10.091506
9.416583,9.609523,8.782137,9.853148,9.262782,7.8621535,8.15552,8.7007475,8.682166,9.940039,8.657586,8.865572,8.951545,9.095331,7.421195,9.513284,8.269429,9.500757,8.598836,7.920994,9.01786,10.241921,8.807205,8.086481,8.872305,9.241161,8.806708,9.649072,8.398266,10.091577
9.417034,9.609829,8.782177,9.853284,9.263036,7.862414,8.155484,8.701118,8.682088,9.940477,8.6576,8.865746,8.951759,9.095578,7.421323,9.513537,8.269642,9.500776,8.599052,7.921018,9.018401,10.242313,8.80745,8.086793,8.872291,9.241647,8.807049,9.649296,8.398884,10.092029
9.41693,9.609779,8.782301,9.853169,9.262798,7.8623314,8.155463,8.701193,8.682176,9.940406,8.657501,8.865836,8.951571,9.09551,7.4212956,9.513616,8.269698,9.500833,8.599006,7.9209204,9.018295,10.242082,8.807285,8.086842,8.8723755,9.24161,8.806971,9.64929,8.398837,10.092167
9.417881,9.610473,8.783052,9.85429,9.263669,7.8630395,8.15639,8.701843,8.683145,9.941353,8.658504,8.866576,8.952561,9.096392,7.421955,9.514189,8.270313,9.501802,8.599852,7.9217453,9.0191,10.242929,8.8081665,8.087439,8.873086,9.242436,8.807633,9.65009,8.399404,10.092826
9.415741,9.608562,8.781138,9.852095,9.261876,7.8612022,8.154453,8.699961,8.681221,9.939243,8.656444,8.864836,8.950829,9.09449,7.4205866,9.512384,8.268681,9.499674,8.597952,7.920141,9.017294,10.240972,8.806347,8.085646,8.871228,9.240407,8.80593,9.648212,8.397586,10.090753
9.416051,9.608948,8.781528,9.852244,9.261959,7.861686,8.154736,8.700235,8.681648,9.93953,8.656733,8.865111,8.950748,9.094614,7.4207683,9.51281,8.268905,9.500119,8.598395,7.9203086,9.017372,10.241123,8.806687,8.086292,8.871563,9.240653,8.806294,9.648501,8.397987,10.091304
9.417127,9.609776,8.782406,9.853477,9.263025,7.862491,8.155753,8.701181,8.682579,9.940595,8.657761,8.866037,8.95176,9.095703,7.4214168,9.513698,8.269744,9.501086,8.599137,7.921016,9.018437,10.24235,8.807545,8.0869055,8.872412,9.241693,8.807175,9.649518,8.398868,10.092072
9.418347,9.611052,8.783485,9.8548,9.264168,7.8634505,8.156867,8.702282,8.683536,9.941898,8.658934,8.86699,8.953008,9.096816,7.422383,9.51467,8.270691,9.50236,8.600318,7.9221807,9.01958,10.243578,8.8086815,8.087899,8.873584,9.242969,8.808093,9.650584,8.399956,10.09331
9.415797,9.608395,8.78121,9.851809,9.261809,7.8612165,8.15438,8.699716,8.681142,9.938965,8.6563015,8.864652,8.95056,9.094173,7.4202256,9.512546,8.268675,9.499561,8.597981,7.9200177,9.017276,10.24047,8.806098,8.08568,8.8712015,9.240138,8.80606,9.6483555,8.39746,10.0904875
9.41826,9.610925,8.78342,9.854586,9.263931,7.863447,8.156696,8.702262,8.6834545,9.941813,8.658712,8.867026,8.952848,9.09671,7.422292,9.514725,8.2708,9.502199,8.600316,7.9220257,9.019476,10.243464,8.808491,8.087931,8.873508,9.242798,8.808031,9.650568,8.399967,10.093365
9.417204,9.610035,8.782464,9.853536,9.263098,7.8624916,8.155735,8.701241,8.682524,9.940634,8.657811,8.866006,8.951888,9.095686,7.4215446,9.513743,8.269794,9.501079,8.599328,7.9211884,9.018563,10.242363,8.807692,8.087075,8.872532,9.241804,8.807257,9.649536,8.3989935,10.092312
9.417291,9.609985,8.78258,9.853561,9.263053,7.862684,8.155879,8.701364,8.682599,9.940807,8.657853,8.866185,8.951846,9.095821,7.421452,9.513898,8.26984,9.50119,8.599327,7.921137,9.018499,10.242452,8.807631,8.0871105,8.872584,9.241829,8.807197,9.649546,8.399011,10.092304
9.417431,9.610051,8.782521,9.853554,9.263145,7.862598,8.1557865,8.701406,8.682686,9.940803,8.657905,8.866181,8.951925,9.095779,7.421674,9.513729,8.269814,9.501137,8.59942,7.921191,9.018656,10.242456,8.807819,8.087233,8.872582,9.241968,8.807369,9.649498,8.399122,10.092521
9.41781,9.610646,8.783214,9.854212,9.263753,7.863145,8.156459,8.70185,8.683085,9.94141,8.658408,8.866666,8.952543,9.096412,7.421967,9.514406,8.270317,9.501695,8.599971,7.9216905,9.0192,10.243095,8.808235,8.0875,8.873212,9.242419,8.80785,9.650204,8.39959,10.092873
9.4186945,9.6114,8.783903,9.855176,9.264479,7.8638606,8.157174,8.702705,8.683824,9.94235,8.65916,8.86742,8.953352,9.097214,7.4227104,9.515175,8.271224,9.502671,8.60073,7.922487,9.020002,10.244018,8.808926,8.088234,8.873976,9.243271,8.80845,9.651085,8.400339,10.093824
9.417486,9.610147,8.782694,9.853664,9.263228,7.862791,8.156056,8.701449,8.682771,9.9409685,8.657975,8.866278,8.952107,9.095959,7.4218674,9.51398,8.27006,9.501415,8.599614,7.9214554,9.01873,10.242511,8.807863,8.087341,8.872758,9.241977,8.807331,9.649874,8.3991585,10.09265
9.416983,9.609726,8.782408,9.853439,9.262948,7.8623333,8.155617,8.70112,8.682425,9.940496,8.657642,8.865919,8.951671,9.095591,7.4213743,9.513633,8.269613,9.501024,8.599127,7.921079,9.018284,10.242126,8.807373,8.086856,8.872464,9.241563,8.80698,9.649267,8.398656,10.092015
9.417986,9.610744,8.783193,9.854341,9.263822,7.8632226,8.156472,8.702018,8.683229,9.941543,8.658516,8.866767,8.952692,9.096481,7.4221883,9.514453,8.270584,9.501927,8.600077,7.9219313,9.019329,10.243225,8.8083515,8.087646,8.873263,9.242572,8.807914,9.650349,8.39971,10.09309
9.417628,9.610347,8.782707,9.853941,9.263445,7.862782,8.15612,8.70157,8.682771,9.9410095,8.658193,8.866176,8.952346,9.096105,7.4218645,9.51392,8.270059,9.50155,8.599601,7.9216275,9.01882,10.242769,8.808016,8.087282,8.872832,9.242186,8.807417,9.649891,8.3991785,10.092555
9.418138,9.61095,8.783457,9.854675,9.264041,7.8634906,8.156754,8.702262,8.683425,9.9418,8.658745,8.866945,8.952912,9.096772,7.4223027,9.514674,8.270802,9.50227,8.600201,7.922148,9.019472,10.2434845,8.808493,8.087792,8.873522,9.242771,8.808031,9.650582,8.39981,10.093252
9.418274,9.610969,8.783453,9.854654,9.264094,7.863347,8.156694,8.702271,8.683361,9.941808,8.6586485,8.866951,8.952879,9.09675,7.4223623,9.514774,8.270718,9.502064,8.600237,7.922079,9.019545,10.243544,8.808495,8.087765,8.873533,9.242793,8.808086,9.6505995,8.399786,10.093283
9.418401,9.611064,8.783617,9.854775,9.264124,7.863537,8.156853,8.702363,8.683546,9.941921,8.6587925,8.867066,8.953017,9.096849,7.42234,9.51483,8.2708235,9.5022955,8.600444,7.92214,9.019652,10.243636,8.8085785,8.0879135,8.8736515,9.242899,8.808149,9.650706,8.3999815,10.093397
9.417507,9.610292,8.78285,9.853996,9.2634735,7.8629394,8.156189,8.701584,8.682828,9.94107,8.658211,8.866274,8.952333,9.096173,7.4218054,9.514022,8.270244,9.5016365,8.599605,7.9216714,9.018861,10.242772,8.807953,8.087279,8.872932,9.242052,8.807467,9.649988,8.399164,10.092568
9.418453,9.610991,8.783541,9.85468,9.264088,7.863456,8.156807,8.702368,8.683592,9.941978,8.658771,8.86715,8.952918,9.096892,7.422381,9.514803,8.270776,9.502213,8.600394,7.9221344,9.01961,10.243572,8.808652,8.088005,8.873602,9.2429,8.808199,9.650624,8.399988,10.093456
9.417896,9.610674,8.783234,9.854308,9.263759,7.863122,8.156445,8.702062,8.683281,9.941471,8.658463,8.866814,8.952611,9.096516,7.4220533,9.514456,8.2705345,9.501852,8.600022,7.921883,9.019201,10.243131,8.808241,8.087643,8.873298,9.2424965,8.807936,9.650231,8.399648,10.093015
9.417682,9.610499,8.782927,9.85411,9.263564,7.862971,8.156224,8.701797,8.683014,9.941168,8.658286,8.8664665,8.952501,9.096297,7.4218497,9.5141735,8.270333,9.501582,8.599869,7.921721,9.018981,10.242971,8.808013,8.087357,8.873098,9.242278,8.807667,9.650074,8.399435,10.092737
9.416822,9.609719,8.78227,9.853366,9.262882,7.862351,8.155559,8.7010565,8.682169,9.9404745,8.6576,8.865767,8.951658,9.095573,7.421363,9.513466,8.269537,9.500938,8.599002,7.9209886,9.018258,10.242209,8.807437,8.086851,8.872318,9.2415695,8.8069515,9.649242,8.398721,10.091989
9.416815,9.609254,8.781886,9.852735,9.262303,7.8618736,8.155073,8.700731,8.682025,9.939828,8.657043,8.865511,8.951134,9.095111,7.4211354,9.513177,8.269325,9.500536,8.598636,7.920644,9.017835,10.24152,8.807008,8.086698,8.871849,9.241263,8.806485,9.648821,8.3983555,10.091675
9.417247,9.609955,8.782445,9.853613,9.263097,7.8624706,8.155772,8.701364,8.68253,9.940792,8.657811,8.866068,8.951956,9.095811,7.421506,9.51373,8.269787,9.501029,8.599292,7.921135,9.018674,10.242361,8.807567,8.087016,8.87253,9.241928,8.8073,9.649471,8.398947,10.092297
9.418659,9.6113825,8.783884,9.8551235,9.264458,7.86378,8.157139,8.702665,8.683797,9.942285,8.659147,8.867398,8.953317,9.097167,7.422646,9.515099,8.271132,9.502564,8.600718,7.9224834,9.019949,10.243946,8.808928,8.0882,8.87394,9.243222,8.808457,9.650978,8.4003,10.093771
9.417707,9.610274,8.782772,9.854105,9.263448,7.862838,8.156172,8.701728,8.683032,9.94121,8.658286,8.866465,8.952362,9.096185,7.421859,9.514077,8.270171,9.501562,8.59973,7.921506,9.018932,10.242932,8.807988,8.087331,8.872922,9.242262,8.807496,9.649928,8.399312,10.092699
9.417242,9.609931,8.78253,9.853717,9.2631855,7.862596,8.155869,8.701325,8.682503,9.940889,8.657809,8.866105,8.951922,9.095757,7.4216065,9.513833,8.269808,9.501118,8.59932,7.9212,9.018641,10.242469,8.807647,8.087018,8.872597,9.241837,8.80725,9.649675,8.399003,10.092307
9.417536,9.610146,8.782751,9.854015,9.2633295,7.8629265,8.156219,8.701613,8.682738,9.941187,8.658076,8.866318,8.952276,9.096123,7.4218664,9.5141115,8.270178,9.501565,8.599778,7.9215536,9.01879,10.242775,8.807902,8.087476,8.872981,9.242053,8.807312,9.650032,8.399286,10.092758
9.415952,9.608184,8.781011,9.851685,9.261135,7.861297,8.1543045,8.69964,8.681523,9.938908,8.656241,8.864588,8.950427,9.09433,7.4201255,9.511921,8.26827,9.499407,8.5983305,7.919884,9.016832,10.240439,8.806187,8.085862,8.871041,9.240048,8.805689,9.64801,8.397337,10.090888
9.416999,9.609785,8.782254,9.853234,9.26282,7.8622837,8.155511,8.701122,8.682272,9.940345,8.657553,8.865795,8.951654,9.095468,7.421539,9.5133705,8.269507,9.500881,8.599196,7.921039,9.018234,10.242201,8.807526,8.086919,8.872367,9.241687,8.8068905,9.649242,8.398844,10.092257
9.416892,9.609581,8.782096,9.852964,9.262728,7.862201,8.155385,8.700812,8.682038,9.940156,8.657168,8.8655,8.951469,9.095192,7.421225,9.513441,8.269417,9.500774,8.598746,7.920713,9.018136,10.242008,8.807157,8.08648,8.872076,9.241314,8.806779,9.649369,8.398376,10.091598
9.418225,9.611005,8.783454,9.854709,9.264088,7.863449,8.156757,8.702301,8.683396,9.941899,8.658775,8.86702,8.952946,9.09681,7.422395,9.514703,8.2708,9.502268,8.600321,7.922159,9.019586,10.243578,8.808581,8.087921,8.873551,9.242894,8.8080635,9.650606,8.399981,10.093386
9.417275,9.610014,8.782719,9.853634,9.263281,7.862734,8.155928,8.701252,8.6825075,9.940853,8.657833,8.866167,8.95203,9.095899,7.4216638,9.513985,8.269941,9.501265,8.599293,7.9211893,9.018676,10.242589,8.807653,8.086873,8.872654,9.241774,8.807263,9.649861,8.398983,10.092198
9.417998,9.610673,8.783132,9.8543625,9.26377,7.86302,8.156425,8.701954,8.683197,9.941396,8.658496,8.866661,8.952589,9.0963745,7.422049,9.514406,8.270422,9.501827,8.599969,7.9217777,9.019219,10.243155,8.808255,8.087577,8.873226,9.242589,8.807753,9.650178,8.399591,10.092947
9.417989,9.61063,8.783168,9.854259,9.26378,7.8631063,8.156432,8.701894,8.683106,9.941523,8.658455,8.866722,8.952587,9.096368,7.422143,9.514351,8.270351,9.501901,8.599978,7.9217257,9.01936,10.24318,8.808308,8.087659,8.873203,9.242608,8.80784,9.650243,8.399737,10.092984
9.418118,9.610791,8.783402,9.854543,9.263936,7.863323,8.15667,8.702178,8.6833105,9.941713,8.65855,8.866865,8.952792,9.096711,7.4222374,9.514648,8.270639,9.501991,8.600231,7.9220567,9.019363,10.243356,8.808338,8.087697,8.873488,9.242601,8.808001,9.650547,8.399651,10.093148
9.418502,9.611225,8.78367,9.854959,9.264265,7.8636537,8.156984,8.702503,8.683685,9.942109,8.658989,8.8672085,8.953156,9.097006,7.422567,9.51489,8.270953,9.502489,8.600551,7.922348,9.019714,10.243752,8.808787,8.088084,8.873752,9.243103,8.808238,9.650805,8.400139,10.093622
9.417345,9.609823,8.782376,9.853518,9.262914,7.8623238,8.155761,8.70118,8.682579,9.940584,8.657706,8.865906,8.951938,9.095752,7.4214377,9.513552,8.269626,9.501023,8.599441,7.9212003,9.018409,10.242301,8.807587,8.087022,8.872472,9.24169,8.807105,9.6494465,8.398801,10.092158
9.416882,9.609498,8.781725,9.852974,9.262483,7.8622603,8.15523,8.700777,8.682147,9.940188,8.657507,8.865452,8.95145,9.0953455,7.421218,9.512967,8.269364,9.500753,8.598958,7.920864,9.018083,10.241995,8.807411,8.086836,8.871857,9.241358,8.806754,9.648985,8.39864,10.092039
9.416531,9.609263,8.781722,9.852939,9.262395,7.861894,8.15531,8.700696,8.6818495,9.940133,8.657163,8.865403,8.951413,9.095181,7.4210424,9.512971,8.26935,9.500551,8.59878,7.9206886,9.0179825,10.241824,8.807062,8.086624,8.871867,9.241267,8.806479,9.648968,8.398429,10.091628
9.417256,9.609979,8.78246,9.8536625,9.263222,7.86266,8.155896,8.701207,8.682526,9.940762,8.658125,8.866014,8.952123,9.095857,7.421641,9.513594,8.2698555,9.501306,8.599421,7.9214096,9.018581,10.242504,8.807812,8.087062,8.872634,9.241811,8.80717,9.649572,8.399006,10.092219
9.417008,9.609838,8.782296,9.8533535,9.262978,7.8621793,8.155647,8.701066,8.68223,9.940391,8.657527,8.865736,8.951754,9.095544,7.421325,9.513646,8.2695,9.500874,8.599139,7.9211054,9.018331,10.242207,8.807365,8.086762,8.872431,9.2415495,8.807054,9.649373,8.398595,10.091854
9.418357,9.611077,8.783498,9.854835,9.26418,7.8634896,8.156853,8.702342,8.683457,9.941899,8.658946,8.86696,8.953078,9.096871,7.422414,9.514727,8.270833,9.502362,8.600406,7.922279,9.019623,10.24362,8.808652,8.087968,8.873626,9.242926,8.808085,9.65064,8.399988,10.09341
9.414643,9.607322,8.780386,9.851448,9.261197,7.8607545,8.154028,8.698961,8.680193,9.938248,8.6559105,8.863861,8.9500675,9.093812,7.420046,9.511509,8.267976,9.499186,8.596974,7.919549,9.01631,10.239979,8.805572,8.084903,8.870506,9.239346,8.804692,9.647449,8.3965845,10.089468
9.417578,9.609935,8.782653,9.853685,9.263144,7.862561,8.155972,8.70158,8.682933,9.941026,8.657876,8.866379,8.952058,9.096182,7.421702,9.513881,8.269778,9.50121,8.599597,7.9213824,9.0186,10.242579,8.807745,8.087182,8.872771,9.241938,8.807335,9.649698,8.398937,10.092446
9.41723,9.609727,8.782405,9.853404,9.262915,7.8624477,8.155703,8.701161,8.682445,9.940591,8.657699,8.86598,8.9518175,9.095685,7.4215226,9.51356,8.269586,9.501022,8.599387,7.9212427,9.018331,10.242202,8.8075075,8.087106,8.872568,9.241602,8.806947,9.649343,8.398812,10.092284
9.415278,9.608295,8.780462,9.8515415,9.261251,7.8610134,8.153967,8.699634,8.680937,9.938647,8.656241,8.864202,8.950185,9.093868,7.420162,9.5118885,8.268382,9.499519,8.597662,7.9196978,9.01684,10.240516,8.806023,8.0858,8.870724,9.240252,8.805567,9.6478195,8.397532,10.090629
9.417204,9.609887,8.782493,9.853509,9.26315,7.8625207,8.155752,8.701375,8.682369,9.9406595,8.657719,8.865983,8.95196,9.095868,7.4215713,9.5137415,8.269855,9.501095,8.599258,7.9212294,9.018572,10.242304,8.807527,8.08702,8.872612,9.241826,8.80717,9.649473,8.39884,10.092341
9.417401,9.610166,8.782714,9.8538685,9.263303,7.862705,8.156128,8.701486,8.682804,9.940992,8.658089,8.866269,8.952204,9.095941,7.4217415,9.5139,8.2700615,9.501481,8.599531,7.921411,9.018757,10.242625,8.807856,8.087168,8.872777,9.242093,8.807298,9.649797,8.39924,10.092456
9.417533,9.610295,8.782765,9.853928,9.263405,7.862862,8.156147,8.701618,8.68293,9.941142,8.658203,8.866411,8.952335,9.0961075,7.42186,9.513972,8.270205,9.501513,8.599755,7.921528,9.018937,10.242786,8.808024,8.087321,8.872878,9.2422085,8.807495,9.64995,8.399416,10.092713
7.440977,7.4573736,6.8792305,7.6495295,7.3207254,6.1988983,6.3339343,6.8830957,6.8226085,7.805123,6.7670674,7.045585,7.039996,7.2326126,5.8255024,7.450143,6.4345794,7.3942127,6.6526656,6.2331924,7.0590196,7.992482,6.937923,6.334796,6.978462,7.2714133,7.048457,7.476815,6.541958,8.004299
9.348579,9.540407,8.715389,9.772893,9.1942425,7.8109922,8.091372,8.634248,8.625211,9.865132,8.596889,8.804165,8.884443,9.030551,7.370785,9.44301,8.210449,9.432757,8.533583,7.8642144,8.950178,10.165272,8.749231,8.029933,8.803163,9.172652,8.747536,9.580014,8.333075,10.022307
9.415618,9.60845,8.780771,9.85162,9.261627,7.8621917,8.154598,8.699685,8.68129,9.938694,8.65686,8.864277,8.95084,9.094809,7.421419,9.511831,8.268812,9.49969,8.598156,7.9207673,9.016971,10.240673,8.806751,8.086237,8.871154,9.240196,8.805777,9.64835,8.397212,10.090655
9.42199,9.614678,8.787141,9.858439,9.267757,7.867074,8.160431,8.705974,8.687084,9.945628,8.662407,8.870664,8.956594,9.100445,7.4259467,9.518431,8.274433,9.505875,8.603997,7.925782,9.023258,10.247298,8.812235,8.091505,8.877243,9.246567,8.811773,9.65433,8.403604,10.0970955
9.421394,9.613998,8.786537,9.857674,9.267115,7.8664584,8.159847,8.705335,8.686387,9.944865,8.6617365,8.870022,8.955978,9.09984,7.425397,9.517843,8.273864,9.505188,8.603359,7.925148,9.022659,10.246566,8.811596,8.090922,8.876638,9.24584,8.811127,9.65373,8.402926,10.096355
9.419879,9.612619,8.785239,9.856244,9.265757,7.8652997,8.158493,8.704068,8.685167,9.943408,8.660455,8.868783,8.95469,9.0985365,7.4244213,9.516437,8.272726,9.503921,8.602096,7.9239655,9.021254,10.245049,8.810346,8.089894,8.87531,9.244576,8.809866,9.652351,8.401745,10.095125
9.421224,9.613984,8.786509,9.857766,9.26713,7.866562,8.159772,8.705345,8.68646,9.944924,8.66176,8.870065,8.955923,9.099771,7.4254575,9.517815,8.273829,9.50525,8.603313,7.9252105,9.02257,10.24652,8.811607,8.090961,8.876576,9.245891,8.811181,9.653649,8.402948,10.096443
9.4199295,9.612732,8.785168,9.856335,9.265884,7.8652554,8.15864,8.70398,8.685315,9.943303,8.660804,8.868642,8.954732,9.098561,7.4243627,9.516327,8.272331,9.503921,8.602025,7.9240904,9.021202,10.245044,8.81056,8.089767,8.875292,9.244592,8.809916,9.652132,8.40157,10.094828
9.421215,9.6138115,8.786345,9.857575,9.266881,7.86634,8.15971,8.705186,8.686339,9.9447155,8.661614,8.869836,8.955867,9.099721,7.4252925,9.517584,8.273634,9.505115,8.603332,7.925105,9.022372,10.246436,8.811453,8.090871,8.876512,9.245677,8.810915,9.6535015,8.402781,10.096221
9.420441,9.613006,8.785641,9.856594,9.266148,7.8656564,8.158954,8.704373,8.685663,9.943754,8.660959,8.869156,8.955104,9.098981,7.4246025,9.51679,8.272887,9.504196,8.602588,7.9243546,9.021659,10.2455,8.810798,8.090135,8.875726,9.244893,8.8102045,9.652669,8.402037,10.095399
9.420784,9.613416,8.785951,9.857258,9.266659,7.8658543,8.15933,8.704694,8.686058,9.944175,8.661403,8.8694105,8.955489,9.0992775,7.4250293,9.517159,8.273171,9.504785,8.602741,7.9247293,9.021982,10.245904,8.811144,8.090377,8.87606,9.245389,8.810505,9.653011,8.402274,10.095694
9.421549,9.614304,8.786743,9.858022,9.267362,7.866753,8.160115,8.705564,8.686758,9.945227,8.662145,8.870322,8.956283,9.100086,7.425683,9.518013,8.274113,9.505583,8.603645,7.9254622,9.022876,10.2468815,8.811926,8.091199,8.876853,9.246158,8.811402,9.653933,8.403282,10.096671
9.421496,9.614128,8.786546,9.857762,9.267156,7.8665433,8.159907,8.705417,8.686579,9.944958,8.661823,8.870101,8.956017,9.099874,7.4255,9.517855,8.273788,9.505222,8.603511,7.9252424,9.022637,10.246686,8.811715,8.091024,8.87668,9.246026,8.811229,9.653721,8.403041,10.096492
9.421037,9.613653,8.786237,9.857352,9.2667885,7.866225,8.159622,8.70501,8.686245,9.9445505,8.66159,8.869769,8.955688,9.099576,7.425158,9.517524,8.273556,9.504891,8.603165,7.925041,9.0222645,10.246211,8.811388,8.090755,8.876401,9.245421,8.810911,9.653368,8.402558,10.096034
9.420418,9.613116,8.78567,9.8566065,9.266189,7.865875,8.158967,8.704415,8.68567,9.943871,8.660953,8.8691635,8.955007,9.098974,7.4246836,9.5168295,8.272988,9.504328,8.602535,7.9243526,9.021711,10.245591,8.810911,8.090273,8.875721,9.244968,8.810352,9.652779,8.402184,10.0955515
9.42154,9.614046,8.786595,9.857855,9.267189,7.8666353,8.159933,8.705509,8.686663,9.945103,8.661929,8.870287,8.956038,9.100003,7.4254985,9.517944,8.273973,9.505301,8.60347,7.9252043,9.022736,10.2467,8.811714,8.091101,8.876679,9.246054,8.811266,9.65376,8.403122,10.096582
9.420697,9.613345,8.785979,9.857096,9.266473,7.8661013,8.159251,8.704802,8.685993,9.944263,8.661269,8.869486,8.955394,9.099382,7.4248886,9.517114,8.27333,9.504645,8.602843,7.9247108,9.021966,10.245862,8.81103,8.090478,8.876058,9.245198,8.810601,9.653052,8.402345,10.095823
9.42082,9.613325,8.785903,9.857093,9.266461,7.865901,8.159293,8.704709,8.686041,9.944205,8.661211,8.869427,8.955401,9.099188,7.425027,9.517123,8.273134,9.504748,8.602856,7.9247184,9.021881,10.2458105,8.811062,8.090478,8.876018,9.245305,8.810458,9.653042,8.402268,10.095714
9.420313,9.612956,8.785624,9.856662,9.266223,7.865638,8.158831,8.704445,8.685459,9.943683,8.660847,8.869026,8.9551115,9.0988655,7.424636,9.516828,8.272962,9.504128,8.6025305,7.924436,9.021609,10.245477,8.810602,8.090031,8.875797,9.244761,8.810103,9.65268,8.401863,10.095369
9.420379,9.613021,8.785568,9.856593,9.266151,7.8656073,8.158763,8.704287,8.685508,9.943642,8.660806,8.868981,8.955037,9.098866,7.424666,9.516798,8.272785,9.5040865,8.602362,7.924338,9.021665,10.245433,8.810682,8.089932,8.875619,9.24477,8.810247,9.652627,8.4018545,10.095325
9.421073,9.613698,8.786236,9.857248,9.266703,7.8663535,8.1596,8.704927,8.686318,9.944551,8.661485,8.869791,8.955593,9.099498,7.4251366,9.517486,8.2735615,9.504919,8.60315,7.9248385,9.022254,10.24618,8.811369,8.090769,8.876265,9.24551,8.810854,9.653467,8.4027405,10.0961075
7.8544917,7.9583745,7.332609,8.188369,7.8054686,6.5556793,6.7699027,7.320307,7.2602735,8.289754,7.227701,7.4637675,7.5058093,7.6363955,6.1857986,7.9505124,6.8961926,7.9243712,7.090016,6.6381,7.5269303,8.524679,7.3453655,6.719912,7.421791,7.719226,7.4611077,8.014335,6.9568496,8.41818
9.407348,9.600356,8.773475,9.842223,9.25501,7.8562512,8.147778,8.69314,8.675161,9.93049,8.650172,8.858165,8.9433975,9.087079,7.415792,9.503996,8.262665,9.491708,8.590507,7.914704,9.009072,10.231644,8.799893,8.079334,8.864001,9.2325535,8.8000345,9.639999,8.389549,10.081347
9.4240885,9.616776,8.789236,9.860438,9.269877,7.8693266,8.162633,8.708087,8.6892805,9.947636,8.6646185,8.872795,8.958764,9.102597,7.428282,9.52055,8.276634,9.507965,8.60617,7.928046,9.025349,10.24932,8.814463,8.093798,8.8793955,9.248657,8.813969,9.656451,8.405727,10.099134
9.424249,9.616903,8.78939,9.860611,9.270018,7.86942,8.162759,8.7082405,8.6894,9.947779,8.664726,8.872934,8.958912,9.102748,7.428376,9.5207,8.276743,9.508097,8.606312,7.9281573,9.02551,10.249463,8.814571,8.093917,8.87954,9.248809,8.814099,9.656571,8.405888,10.099295
9.424252,9.616905,8.789392,9.860614,9.2700205,7.8694224,8.162761,8.708244,8.689401,9.9477825,8.664728,8.872937,8.958915,9.10275,7.4283776,9.520702,8.276744,9.508099,8.606313,7.9281588,9.025513,10.249465,8.814571,8.093919,8.879542,9.248811,8.814101,9.656572,8.4058895,10.099298
9.424252,9.616905,8.789392,9.860614,9.2700205,7.8694224,8.162761,8.708244,8.689402,9.9477825,8.664728,8.872937,8.958915,9.10275,7.4283776,9.520702,8.276744,9.508099,8.606313,7.9281588,9.025513,10.249465,8.814571,8.093919,8.879542,9.248811,8.814101,9.656572,8.4058895,10.099298
9.424252,9.616905,8.789392,9.860614,9.2700205,7.8694224,8.162761,8.708244,8.689402,9.9477825,8.664728,8.872937,8.958915,9.10275,7.4283776,9.520702,8.276744,9.508099,8.606313,7.9281588,9.025513,10.249465,8.814571,8.093919,8.879542,9.248811,8.814101,9.656572,8.4058895,10.099298
9.424252,9.616905,8.789392,9.860614,9.2700205,7.8694224,8.162761,8.708244,8.689402,9.9477825,8.664728,8.872937,8.958915,9.10275,7.4283776,9.520702,8.276744,9.508099,8.606313,7.9281588,9.025513,10.249465,8.814571,8.093919,8.879542,9.248811,8.814101,9.656572,8.4058895,10.099298
9.424252,9.616905,8.789392,9.860614,9.2700205,7.8694224,8.162761,8.708244,8.689402,9.9477825,8.664728,8.872937,8.958915,9.10275,7.4283776,9.520702,8.276744,9.508099,8.606313,7.9281588,9.025513,10.249465,8.814571,8.093919,8.879542,9.248811,8.814101,9.656572,8.4058895,10.099298
9.424252,9.616905,8.789392,9.860614,9.2700205,7.8694224,8.162761,8.708244,8.689402,9.9477825,8.664728,8.872937,8.958915,9.10275,7.4283776,9.520702,8.276744,9.508099,8.606313,7.9281588,9.025513,10.249465,8.814571,8.093919,8.879542,9.248811,8.814101,9.656572,8.4058895,10.099298
9.424252,9.616905,8.789392,9.860614,9.2700205,7.8694224,8.162761,8.708244,8.689402,9.9477825,8.664728,8.872937,8.958915,9.10275,7.4283776,9.520702,8.276744,9.508099,8.606313,7.9281588,9.025513,10.249465,8.814571,8.093919,8.879542,9.248811,8.814101,9.656572,8.4058895,10.099298
9.424252,9.616905,8.789392,9.860614,9.2700205,7.8694224,8.162761,8.708244,8.689402,9.9477825,8.664728,8.872937,8.958915,9.10275,7.4283776,9.520702,8.276744,9.508099,8.606313,7.9281588,9.025513,10.249465,8.814571,8.093919,8.879542,9.248811,8.814101,9.656572,8.4058895,10.099298
9.424252,9.616905,8.789392,9.860614,9.2700205,7.8694224,8.162761,8.708244,8.689402,9.9477825,8.664728,8.872937,8.958915,9.10275,7.4283776,9.520702,8.276744,9.508099,8.606313,7.9281588,9.025513,10.249465,8.814571,8.093919,8.879542,9.248811,8.814101,9.656572,8.4058895,10.099298
9.424252,9.616905,8.789392,9.860614,9.2700205,7.8694224,8.162761,8.708244,8.689402,9.9477825,8.664728,8.872937,8.958915,9.10275,7.4283776,9.520702,8.276744,9.508099,8.606313,7.9281588,9.025513,10.249465,8.814571,8.093919,8.879542,9.248811,8.814101,9.656572,8.4058895,10.099298
9.424252,9.616905,8.789392,9.860614,9.2700205,7.8694224,8.162761,8.708244,8.689402,9.9477825,8.664728,8.872937,8.958915,9.10275,7.4283776,9.520702,8.276744,9.508099,8.606313,7.9281588,9.025513,10.249465,8.814571,8.093919,8.879542,9.248811,8.814101,9.656572,8.4058895,10.099298
9.424252,9.616905,8.789392,9.860614,9.2700205,7.8694224,8.162761,8.708244,8.689402,9.9477825,8.664728,8.872937,8.958915,9.10275,7.4283776,9.520702,8.276744,9.508099,8.606313,7.9281588,9.025513,10.249465,8.814571,8.093919,8.879542,9.248811,8.814101,9.656572,8.4058895,10.099298
9.424252,9.616905,8.789392,9.860614,9.2700205,7.8694224,8.162761,8.708244,8.689402,9.9477825,8.664728,8.872937,8.958915,9.10275,7.4283776,9.520702,8.276744,9.508099,8.606313,7.9281588,9.025513,10.249465,8.814571,8.093919,8.879542,9.248811,8.814101,9.656572,8.4058895,10.099298
9.424252,9.616905,8.789392,9.860614,9.2700205,7.8694224,8.162761,8.708244,8.689402,9.9477825,8.664728,8.872937,8.958915,9.10275,7.4283776,9.520702,8.276744,9.508099,8.606313,7.9281588,9.025513,10.249465,8.814571,8.093919,8.879542,9.248811,8.814101,9.656572,8.4058895,10.099298
9.424252,9.616905,8.789392,9.860614,9.2700205,7.8694224,8.162761,8.708244,8.689402,9.9477825,8.664728,8.872937,8.958915,9.10275,7.4283776,9.520702,8.276744,9.508099,8.606313,7.9281588,9.025513,10.249465,8.814571,8.093919,8.879542,9.248811,8.814101,9.656572,8.4058895,10.099298
9.424252,9.616905,8.789392,9.860614,9.2700205,7.8694224,8.162761,8.708244,8.689402,9.9477825,8.664728,8.872937,8.958915,9.102751,7.4283776,9.520702,8.276744,9.508099,8.606313,7.9281588,9.025513,10.249465,8.814571,8.093919,8.879542,9.248811,8.814101,9.656572,8.4058895,10.099298
9.424252,9.616904,8.789392,9.860614,9.2700205,7.8694224,8.162761,8.708244,8.689401,9.9477825,8.664729,8.872937,8.958915,9.102751,7.428377,9.520704,8.276744,9.508099,8.606313,7.9281588,9.025513,10.249464,8.814572,8.09392,8.879542,9.248811,8.814101,9.656573,8.40589,10.0992985
9.4242525,9.616905,8.789392,9.860613,9.2700205,7.869423,8.162762,8.708244,8.689402,9.9477825,8.664728,8.872937,8.958915,9.102751,7.428377,9.520704,8.276744,9.508099,8.606313,7.9281588,9.025513,10.249464,8.814571,8.093919,8.879542,9.248811,8.8141,9.656573,8.405891,10.0992985
9.423663,9.616389,8.788867,9.859998,9.26949,7.8688874,8.162197,8.707747,8.68896,9.947143,8.664192,8.872445,8.958339,9.102271,7.42794,9.52021,8.27629,9.507485,8.605713,7.9276686,9.024944,10.248855,8.814058,8.093426,8.879015,9.24826,8.813602,9.655981,8.405306,10.098741
9.424255,9.616918,8.7894,9.86059,9.270019,7.869427,8.16276,8.708228,8.689417,9.947786,8.664724,8.872958,8.958895,9.102766,7.428397,9.520704,8.276772,9.508079,8.6063,7.92815,9.025513,10.249455,8.8145895,8.093944,8.879531,9.248811,8.814087,9.656571,8.405901,10.099312
9.423663,9.616389,8.788867,9.859998,9.26949,7.8688884,8.162197,8.707747,8.68896,9.9471445,8.664192,8.872446,8.958339,9.102272,7.4279413,9.520212,8.276291,9.507485,8.605714,7.927669,9.024944,10.248857,8.814059,8.093428,8.879015,9.2482605,8.813604,9.655982,8.405306,10.0987425
9.424255,9.616918,8.7894,9.860589,9.270019,7.869427,8.16276,8.708228,8.689417,9.947786,8.664724,8.872958,8.958895,9.102766,7.428397,9.520704,8.276772,9.508079,8.6063,7.92815,9.025513,10.249455,8.8145895,8.093944,8.879531,9.248811,8.814087,9.656571,8.405901,10.099312
9.424257,9.616919,8.789403,9.860593,9.270021,7.869431,8.162762,8.708232,8.689421,9.947789,8.664727,8.872963,8.958899,9.102771,7.4284005,9.520706,8.276774,9.508084,8.606305,7.928154,9.025516,10.249458,8.814592,8.0939455,8.879535,9.248815,8.814092,9.656575,8.405905,10.099314
9.424257,9.616919,8.789404,9.860593,9.270021,7.869431,8.162762,8.708232,8.689421,9.94779,8.664727,8.872963,8.958899,9.102771,7.4284005,9.520706,8.276774,9.508084,8.606305,7.928154,9.025516,10.249458,8.814592,8.0939455,8.879535,9.248815,8.814092,9.656575,8.405905,10.099314
9.4237585,9.616476,8.788952,9.860094,9.269574,7.8689775,8.16229,8.707825,8.6890335,9.947249,8.66428,8.872528,8.958431,9.102352,7.4280167,9.520292,8.276371,9.507586,8.605811,7.9277487,9.025036,10.248954,8.814143,8.093512,8.879097,9.248349,8.8136835,9.656076,8.405402,10.098834
9.424121,9.616796,8.789279,9.860456,9.269895,7.869307,8.162632,8.708121,8.689313,9.947641,8.664604,8.87284,8.958773,9.102657,7.4282947,9.520594,8.276663,9.507948,8.606169,7.928043,9.025386,10.24932,8.814466,8.093827,8.879412,9.248686,8.813976,9.656435,8.405764,10.099182
9.42366,9.616387,8.788865,9.859996,9.269489,7.8688855,8.162195,8.707744,8.688959,9.947143,8.66419,8.872444,8.958337,9.102269,7.42794,9.520208,8.27629,9.507484,8.60571,7.9276667,9.024942,10.248855,8.814058,8.093425,8.879015,9.248258,8.813602,9.655979,8.405303,10.09874
9.423656,9.6163845,8.788859,9.85999,9.269484,7.868882,8.162191,8.707743,8.688955,9.947136,8.664187,8.872439,8.958333,9.102267,7.427937,9.520205,8.276285,9.50748,8.605707,7.9276643,9.024939,10.248851,8.814054,8.093423,8.87901,9.248254,8.813598,9.655977,8.405299,10.098736
9.423656,9.6163845,8.788859,9.85999,9.269484,7.868882,8.162191,8.707743,8.688956,9.947137,8.664187,8.872439,8.958333,9.102266,7.427937,9.520205,8.276285,9.50748,8.605707,7.9276643,9.024939,10.248851,8.814054,8.093423,8.87901,9.248254,8.813598,9.655977,8.405299,10.098736
9.423665,9.616391,8.788867,9.86,9.269491,7.86889,8.1622,8.707749,8.688961,9.947146,8.664195,8.872447,8.958341,9.102273,7.4279437,9.52021,8.276293,9.507489,8.605716,7.9276705,9.024945,10.248859,8.814061,8.0934305,8.879017,9.248262,8.813605,9.655984,8.405307,10.0987425
9.424252,9.616916,8.789398,9.860589,9.270017,7.8694253,8.162756,8.708226,8.689415,9.947784,8.664722,8.872956,8.958892,9.102765,7.428396,9.520704,8.27677,9.508077,8.6062975,7.9281487,9.02551,10.249455,8.814588,8.09394,8.87953,9.24881,8.814086,9.656569,8.405899,10.099309
9.424257,9.616919,8.789403,9.860593,9.270021,7.869431,8.162762,8.708232,8.689421,9.947789,8.664727,8.872962,8.958899,9.102771,7.4284005,9.520706,8.276774,9.508084,8.606305,7.928154,9.025516,10.249458,8.814592,8.0939455,8.879535,9.248815,8.814092,9.656575,8.405905,10.099314
9.424257,9.616919,8.789404,9.860593,9.270021,7.869431,8.162762,8.708232,8.689421,9.94779,8.664727,8.872963,8.958899,9.102771,7.4284005,9.520706,8.276774,9.508084,8.606305,7.928154,9.025516,10.249458,8.814592,8.0939455,8.879535,9.248815,8.814092,9.656575,8.405905,10.099314
9.424257,9.616919,8.789404,9.860593,9.270021,7.869431,8.162762,8.708232,8.689421,9.94779,8.664727,8.872963,8.958899,9.102771,7.4284005,9.520706,8.276774,9.508084,8.606305,7.928154,9.025516,10.249458,8.814592,8.0939455,8.879535,9.248815,8.814092,9.656575,8.405905,10.099314
9.424257,9.616919,8.789404,9.860593,9.270021,7.869431,8.162762,8.708232,8.689421,9.94779,8.664727,8.872963,8.958899,9.102771,7.4284005,9.520706,8.276774,9.508084,8.606305,7.928154,9.025516,10.249458,8.814592,8.0939455,8.879535,9.248815,8.814092,9.656575,8.405905,10.099314
9.424257,9.616919,8.789404,9.860593,9.270021,7.869431,8.162762,8.708232,8.689421,9.94779,8.664727,8.872963,8.958899,9.102771,7.4284005,9.520706,8.276774,9.508084,8.606305,7.928154,9.025516,10.249458,8.814592,8.0939455,8.879535,9.248815,8.814092,9.656575,8.405905,10.099314
7.8544917,7.9583745,7.3326077,8.18837,7.8054686,6.5556793,6.769903,7.3203073,7.2602725,8.289755,7.2277017,7.463768,7.5058107,7.636394,6.185798,7.950512,6.8961916,7.9243736,7.090019,6.6381006,7.526931,8.52468,7.3453627,6.719911,7.421789,7.7192254,7.4611096,8.014335,6.95685,8.418181
9.407348,9.600357,8.773475,9.842223,9.25501,7.8562512,8.147778,8.69314,8.675161,9.93049,8.650172,8.858165,8.943398,9.087079,7.4157915,9.503996,8.262665,9.491708,8.590507,7.914704,9.009072,10.231644,8.799893,8.079334,8.864001,9.2325535,8.8000345,9.639999,8.389549,10.081347
9.4240885,9.616776,8.789236,9.860438,9.269877,7.8693266,8.162633,8.708087,8.6892805,9.947636,8.6646185,8.872795,8.958764,9.102597,7.428282,9.52055,8.276634,9.507965,8.60617,7.928046,9.025349,10.24932,8.814463,8.093798,8.8793955,9.248657,8.813969,9.656451,8.405727,10.099134
9.424249,9.616903,8.78939,9.860611,9.270018,7.86942,8.162759,8.7082405,8.6894,9.947779,8.664726,8.872934,8.958912,9.102748,7.428376,9.5207,8.276743,9.508097,8.606312,7.9281573,9.025511,10.249463,8.814571,8.093917,8.87954,9.248809,8.814099,9.656571,8.405888,10.099295
9.424252,9.616905,8.789392,9.860614,9.2700205,7.8694224,8.162761,8.708244,8.689401,9.9477825,8.664728,8.872936,8.958915,9.10275,7.4283776,9.520702,8.276744,9.508099,8.606313,7.9281588,9.025513,10.249465,8.814571,8.093918,8.879542,9.248811,8.814101,9.656572,8.4058895,10.099298
9.424252,9.616905,8.789392,9.860614,9.2700205,7.8694224,8.162761,8.708244,8.689402,9.9477825,8.664728,8.872936,8.958915,9.10275,7.4283776,9.520702,8.276744,9.508099,8.606313,7.9281588,9.025513,10.249465,8.814571,8.093918,8.879542,9.248811,8.814101,9.656572,8.4058895,10.099298
9.424252,9.616905,8.789392,9.860614,9.2700205,7.8694224,8.162761,8.708244,8.689402,9.9477825,8.664728,8.872937,8.958915,9.102751,7.4283776,9.520702,8.276744,9.508099,8.606313,7.9281588,9.025513,10.249465,8.814571,8.093919,8.879542,9.248811,8.814101,9.656572,8.4058895,10.099298
9.424252,9.616905,8.789392,9.860614,9.2700205,7.8694224,8.162761,8.708244,8.689402,9.9477825,8.664729,8.872937,8.958915,9.102751,7.4283776,9.520702,8.276744,9.508099,8.606313,7.9281588,9.025513,10.249465,8.814571,8.093919,8.879542,9.248811,8.814101,9.656572,8.4058895,10.099298
9.424261,9.616921,8.789404,9.860599,9.270024,7.869432,8.1627655,8.708239,8.689419,9.947792,8.664733,8.872958,8.958905,9.102772,7.428397,9.52071,8.276771,9.50809,8.606307,7.9281583,9.025518,10.249465,8.814592,8.093942,8.87954,9.248819,8.8140955,9.656575,8.405905,10.099316
9.423766,9.616484,8.7889595,9.8601,9.269582,7.868984,8.162295,8.707831,8.689039,9.947256,8.664285,8.872536,8.958439,9.102358,7.428021,9.520296,8.276376,9.507591,8.605817,7.927754,9.025043,10.248962,8.81415,8.093518,8.879104,9.248355,8.813689,9.656081,8.405409,10.098841
9.424255,9.616917,8.789401,9.86059,9.270019,7.869427,8.16276,8.708229,8.689418,9.947786,8.664725,8.872959,8.958895,9.102767,7.428398,9.520704,8.2767725,9.508079,8.606301,7.928151,9.025513,10.249455,8.81459,8.093944,8.879531,9.248812,8.814088,9.656571,8.405902,10.099312
9.424257,9.616919,8.789403,9.860593,9.270021,7.869431,8.162762,8.708232,8.689421,9.947789,8.664727,8.872963,8.958899,9.102771,7.4284005,9.520706,8.276774,9.508084,8.606305,7.928154,9.025516,10.249458,8.814592,8.0939455,8.879535,9.248815,8.814092,9.656575,8.405905,10.099314
9.424257,9.616919,8.789404,9.860593,9.270021,7.869431,8.162762,8.708232,8.689421,9.94779,8.664727,8.872963,8.958899,9.102771,7.4284005,9.520706,8.276774,9.508084,8.606305,7.928154,9.025516,10.249458,8.814592,8.0939455,8.879535,9.248815,8.814092,9.656575,8.405905,10.099314
9.424257,9.616919,8.789404,9.860593,9.270021,7.869431,8.162762,8.708232,8.689421,9.94779,8.664727,8.872963,8.958899,9.102771,7.4284005,9.520706,8.276774,9.508084,8.606305,7.928154,9.025516,10.249458,8.814592,8.0939455,8.879535,9.248815,8.814092,9.656575,8.405905,10.099314
9.424257,9.616919,8.789404,9.860593,9.270021,7.869431,8.162762,8.708232,8.689421,9.94779,8.664727,8.872963,8.958899,9.102771,7.4284005,9.520706,8.276774,9.508084,8.606305,7.928154,9.025516,10.249458,8.814592,8.0939455,8.879535,9.248815,8.814092,9.656575,8.405905,10.099314
9.424257,9.616919,8.789404,9.860593,9.270021,7.869431,8.162762,8.708232,8.689421,9.94779,8.664727,8.872963,8.958899,9.102771,7.4284005,9.520706,8.276774,9.508084,8.606305,7.928154,9.025516,10.249458,8.814592,8.0939455,8.879535,9.248815,8.814092,9.656575,8.405905,10.099314
9.424257,9.616919,8.789404,9.860593,9.270021,7.869431,8.162762,8.708232,8.689421,9.94779,8.664727,8.872963,8.958899,9.102771,7.4284005,9.520706,8.276774,9.508084,8.606305,7.928154,9.025516,10.249458,8.814592,8.0939455,8.879535,9.248815,8.814092,9.656575,8.405905,10.099314
9.424257,9.616919,8.789404,9.860593,9.270021,7.869431,8.162762,8.708232,8.689421,9.94779,8.664727,8.872963,8.958899,9.102771,7.4284005,9.520706,8.276774,9.508084,8.606305,7.928154,9.025516,10.249458,8.814592,8.0939455,8.879535,9.248815,8.814092,9.656575,8.405905,10.099314
9.424257,9.616919,8.789404,9.860593,9.270021,7.869431,8.162762,8.708232,8.689421,9.94779,8.664727,8.872963,8.958899,9.102771,7.4284005,9.520706,8.276774,9.508084,8.606305,7.928154,9.025516,10.249458,8.814592,8.0939455,8.879535,9.248815,8.814092,9.656575,8.405905,10.099314
9.424257,9.616919,8.789404,9.860593,9.270021,7.869431,8.162762,8.708232,8.689421,9.94779,8.664727,8.872963,8.958899,9.102771,7.4284005,9.520706,8.276774,9.508084,8.606305,7.928154,9.025516,10.249458,8.814592,8.0939455,8.879535,9.248815,8.814092,9.656575,8.405905,10.099314
9.424257,9.616919,8.789404,9.860593,9.270021,7.869431,8.162762,8.708232,8.689421,9.94779,8.664727,8.872963,8.958899,9.102771,7.4284005,9.520706,8.276774,9.508084,8.606305,7.928154,9.025516,10.249458,8.814592,8.0939455,8.879535,9.248815,8.814092,9.656575,8.405905,10.099314
9.424257,9.616919,8.789404,9.860593,9.270021,7.869431,8.162762,8.708232,8.689421,9.94779,8.664727,8.872963,8.958899,9.102771,7.4284005,9.520706,8.276774,9.508084,8.606305,7.928154,9.025516,10.249458,8.814592,8.0939455,8.879535,9.248815,8.814092,9.656575,8.405905,10.099314
9.424257,9.616919,8.789404,9.860593,9.270021,7.869431,8.162762,8.708232,8.689421,9.94779,8.664727,8.872963,8.958899,9.102771,7.4284005,9.520706,8.276774,9.508084,8.606305,7.928154,9.025516,10.249458,8.814592,8.0939455,8.879535,9.248815,8.814092,9.656575,8.405905,10.099314
9.424257,9.616919,8.789404,9.860593,9.270021,7.869431,8.162762,8.708232,8.689421,9.94779,8.664727,8.872963,8.958899,9.102771,7.4284005,9.520706,8.276774,9.508084,8.606305,7.928154,9.025516,10.249458,8.814592,8.0939455,8.879535,9.248815,8.814092,9.656575,8.405905,10.099314
9.423662,9.616388,8.788867,9.859997,9.269489,7.8688884,8.162196,8.7077465,8.68896,9.9471445,8.664192,8.872445,8.958338,9.102272,7.427941,9.52021,8.276291,9.507485,8.605712,7.9276686,9.024944,10.248856,8.814059,8.093428,8.879015,9.248259,8.813603,9.65598,8.405304,10.098742
9.423657,9.6163845,8.788859,9.85999,9.269484,7.868882,8.162191,8.707743,8.688956,9.947137,8.664187,8.872439,8.958333,9.102267,7.427937,9.520205,8.276285,9.50748,8.605707,7.9276643,9.024939,10.248851,8.814054,8.093423,8.87901,9.248254,8.813598,9.655977,8.405299,10.098736
9.423656,9.6163845,8.788859,9.85999,9.269484,7.868882,8.162191,8.707743,8.688956,9.947136,8.664187,8.872439,8.958333,9.102266,7.427937,9.520205,8.276285,9.50748,8.605707,7.9276643,9.024939,10.248851,8.814054,8.093423,8.87901,9.248254,8.813598,9.655977,8.405299,10.098736
9.423656,9.6163845,8.788859,9.85999,9.269484,7.868882,8.162191,8.707743,8.688956,9.947136,8.664187,8.872439,8.958333,9.102266,7.427937,9.520205,8.276285,9.50748,8.605707,7.9276643,9.024939,10.248851,8.814054,8.093423,8.87901,9.248254,8.813598,9.655977,8.405299,10.098736
9.423656,9.6163845,8.788859,9.85999,9.269484,7.868882,8.162191,8.707743,8.688956,9.947136,8.664187,8.872439,8.958333,9.102266,7.427937,9.520205,8.276285,9.50748,8.605707,7.9276643,9.024939,10.248851,8.814054,8.093423,8.87901,9.248254,8.813598,9.655977,8.405299,10.098736
9.423656,9.6163845,8.788859,9.85999,9.269484,7.868882,8.162191,8.707743,8.688956,9.947136,8.664187,8.872439,8.958333,9.102266,7.427937,9.520205,8.276285,9.50748,8.605707,7.9276643,9.024939,10.248851,8.814054,8.093423,8.87901,9.248254,8.813598,9.655977,8.405299,10.098736
9.424255,9.616918,8.7894,9.860589,9.270019,7.869427,8.162759,8.708228,8.689417,9.947786,8.664724,8.872958,8.958895,9.102766,7.428397,9.520704,8.276772,9.508079,8.6063,7.92815,9.025513,10.249455,8.8145895,8.093944,8.879531,9.248811,8.814088,9.656571,8.405901,10.099311
9.424257,9.616919,8.789403,9.860593,9.270021,7.869431,8.162762,8.708232,8.689421,9.947789,8.664727,8.872962,8.958899,9.102771,7.4284005,9.520706,8.276774,9.508084,8.606305,7.928154,9.025516,10.249458,8.814592,8.0939455,8.879535,9.248815,8.814092,9.656575,8.405905,10.099314
9.424257,9.616919,8.789404,9.860593,9.270021,7.869431,8.162762,8.708232,8.689421,9.94779,8.664727,8.872963,8.958899,9.102771,7.4284005,9.520706,8.276774,9.508084,8.606305,7.928154,9.025516,10.249458,8.814592,8.0939455,8.879535,9.248815,8.814092,9.656575,8.405905,10.099314
9.424257,9.616919,8.789404,9.860593,9.270021,7.869431,8.162762,8.708232,8.689421,9.94779,8.664727,8.872963,8.958899,9.102771,7.4284005,9.520706,8.276774,9.508084,8.606305,7.928154,9.025516,10.249458,8.814592,8.0939455,8.879535,9.248815,8.814092,9.656575,8.405905,10.099314
9.424257,9.616919,8.789404,9.860593,9.270021,7.869431,8.162762,8.708232,8.689421,9.94779,8.664727,8.872963,8.958899,9.102771,7.4284005,9.520706,8.276774,9.508084,8.606305,7.928154,9.025516,10.249458,8.814592,8.0939455,8.879535,9.248815,8.814092,9.656575,8.405905,10.099314
9.424257,9.616919,8.789404,9.860593,9.270021,7.869431,8.162762,8.708232,8.689421,9.94779,8.664727,8.872963,8.958899,9.102771,7.4284005,9.520706,8.276774,9.508084,8.606305,7.928154,9.025516,10.249458,8.814592,8.0939455,8.879535,9.248815,8.814092,9.656575,8.405905,10.099314
9.424257,9.616919,8.789404,9.860593,9.270021,7.869431,8.162762,8.708232,8.689421,9.94779,8.664727,8.872963,8.958899,9.102771,7.4284005,9.520706,8.276774,9.508084,8.606305,7.928154,9.025516,10.249458,8.814592,8.0939455,8.879535,9.248815,8.814092,9.656575,8.405905,10.099314
9.424257,9.616919,8.789404,9.860593,9.270021,7.869431,8.162762,8.708232,8.689421,9.94779,8.664727,8.872963,8.958899,9.102771,7.4284005,9.520706,8.276774,9.508084,8.606305,7.928154,9.025516,10.249458,8.814592,8.0939455,8.879535,9.248815,8.814092,9.656575,8.405905,10.099314
9.424257,9.616919,8.789404,9.860593,9.270021,7.869431,8.162762,8.708232,8.689421,9.94779,8.664727,8.872963,8.958899,9.102771,7.4284005,9.520706,8.276774,9.508084,8.606305,7.928154,9.025516,10.249458,8.814592,8.0939455,8.879535,9.248815,8.814092,9.656575,8.405905,10.099314
9.424257,9.616919,8.789404,9.860593,9.270021,7.869431,8.162762,8.708232,8.689421,9.94779,8.664727,8.872963,8.958899,9.102771,7.4284005,9.520706,8.276774,9.508084,8.606305,7.928154,9.025516,10.249458,8.814592,8.0939455,8.879535,9.248815,8.814092,9.656575,8.405905,10.099314
