1, 0.817814
2, 0.587812
3, 8.487222
4, 3.602366
5, 9.135696
6, 5.472055
7, 7.134626
8, 6.843884
9, 5.459645
10, 3.803509
11, 8.970182
12, 5.567997
13, 3.110240
14, 3.922367
15, 6.481181
16, 1.910735
17, 8.060573
18, 2.285953
19, 1.839610
20, 3.283696
21, 2.076211
22, 2.269585
23, 2.267128
24, 2.549570
25, 2.114886
26, 1.474067
27, 1.581091
28, 1.639535
29, 5.636804
30, 7.271780
31, 0.404403
32, 1.969341
33, 2.232666
34, 2.786184
35, 1.449302
36, 3.438053
37, 6.625195
38, 4.088909
39, 8.975318
40, 10.310622
41, 7.049626
42, 3.706220
43, 2.562865
44, 2.945229
45, 1.249305
46, 13.315116
47, 2.037046
48, 3.081995
49, 1.917642
50, 8.159097
51, 1.546257
52, 1.981609
53, 11.392575
54, 1.472694
55, 1.991615
56, 6.566089
57, 6.499106
58, 6.960829
59, 5.430164
60, 2.841182
61, 7.367149
62, 6.774116
63, 7.313240
64, 4.072004
65, 7.219067
66, 3.828039
67, 4.512508
68, 1.697791
69, 1.419317
70, 9.493367
71, 1.967849
72, 4.345774
73, 1.405661
74, 7.109660
75, 7.501800
76, 12.268928
77, 6.353632
78, 5.359150
79, 2.299081
80, 5.179198
81, 7.232686
82, 5.243350
83, 4.431935
84, 2.385967
85, 3.260270
86, 1.999716
87, 6.045344
88, 2.069460
89, 2.088584
90, 4.944890
91, 5.169703
92, 3.981988
93, 3.395917
94, 2.189153
95, 4.721218
96, 4.056879
97, 6.988814
98, 2.101857
99, 4.598098
100, 4.150369
101, 7.277923
102, 1.391983
103, 5.304754
104, 1.743494
105, 1.936460
106, 2.894098
107, 1.754340
108, 1.550600
109, 3.739044
110, 3.349285
111, 4.516475
112, 3.855554
113, 3.293202
114, 4.580348
115, 3.057801
116, 4.135818
117, 6.450408
118, 5.244962
119, 7.998448
120, 4.885938
121, 3.318801
122, 5.360500
123, 4.922641
124, 0.925678
125, 3.600532
126, 4.542138
127, 4.315689
128, 3.686745
129, 3.078307
130, 5.400787
131, 4.516683
132, 4.323612
133, 5.447448
134, 2.138535
135, 4.700458
136, 1.636625
137, 6.444783
138, 5.464388
139, 5.059713
140, 3.814237
141, 4.215792
142, 4.257630
143, 5.998669
144, 4.981317
145, 4.623392
146, 4.764979
147, 5.724749
148, 2.913828
149, 2.584510
150, 4.401370
151, 3.832200
152, 2.441251
153, 1.913983
154, 6.181726
155, 5.691371
156, 1.468071
157, 5.134487
158, 1.088833
159, 5.013269
160, 4.825999
161, 4.459018
162, 6.419310
163, 3.166007
164, 1.718900
165, 4.878591
166, 1.587611
167, 2.509172
168, 1.620340
169, 4.992812
170, 4.498552
171, 5.614157
172, 4.111296
173, 1.474247
174, 7.075107
175, 2.522533
176, 2.474899
177, 6.928875
178, 1.522977
179, 6.986262
180, 2.203896
181, 1.557395
182, 2.447903
183, 2.341740
184, 5.777427
185, 5.777834
186, 1.449933
187, 2.201468
188, 2.024697
189, 4.235594
190, 2.434058
191, 1.698474
192, 2.494743
193, 2.465435
194, 2.560427
195, 1.471362
196, 2.286080
197, 2.177046
198, 0.920302
199, 3.494223
200, 2.748275
201, 2.478593
202, 2.621911
203, 3.794224
204, 3.892571
205, 3.695098
206, 3.255651
207, 1.675653
208, 2.324916
209, 2.282818
210, 2.183391
211, 2.143217
212, 1.865770
213, 2.126403
214, 2.356484
215, 2.343846
216, 1.058483
217, 2.225021
218, 2.564052
219, 2.505520
220, 2.961539
221, 2.163994
222, 2.211756
223, 2.666660
224, 6.045835
225, 5.447490
226, 2.130849
227, 2.453145
228, 2.654251
229, 1.890309
230, 2.196895
231, 2.278939
232, 2.157758
233, 1.902347
